-53
-2
-6
-4
-19
-17
-17
-22
-16
-19
-22
-27
-25
-25
-25
-31
-27
-37
-36
-35
-36
-34
-39
-37
-40
-40
-43
-43
-43
-42
-43
-38
-53
-4
-10
-1
-10
-17
-19
-18
-15
-26
-27
-24
-32
-25
-23
-36
-28
-35
-31
-37
-41
-42
-43
-35
-35
-37
-38
-39
-41
-41
-44
-35
-41
-2
-18
-13
-13
-9
-22
-21
-12
-24
-18
-23
-29
-26
-29
-37
-32
-28
-33
-34
-36
-38
-36
-40
-30
-37
-42
-43
-42
-38
-40
-38
-46
-2
-8
-15
-15
-13
-31
-29
-21
-27
-25
-27
-30
-29
-29
-32
-30
-39
-34
-34
-40
-40
-42
-38
-40
-41
-41
-42
-42
-42
-44
-38
-53
-4
-10
-1
-10
-17
-19
-18
-15
-26
-27
-24
-32
-25
-23
-36
-28
-35
-31
-37
-41
-42
-43
-35
-35
-37
-38
-39
-41
-41
-44
-35
-41
-2
-18
-13
-13
-9
-22
-21
-12
-24
-18
-23
-29
-26
-29
-37
-32
-28
-33
-34
-36
-38
-36
-40
-30
-37
-42
-43
-42
-38
-40
-38
-46
-2
-8
-15
-15
-13
-31
-29
-21
-27
-25
-27
-30
-29
-29
-32
-30
-39
-34
-34
-40
-40
-42
-38
-40
-41
-41
-42
-42
-42
-44
-38
-45
-3
-15
-5
-12
-16
-23
-22
-14
-25
-22
-27
-30
-28
-26
-32
-32
-38
-30
-39
-38
-36
-44
-39
-36
-36
-40
-44
-42
-43
-41
-37
