-44
-6
-7
-10
-14
-12
-18
-17
-15
-18
-19
-23
-23
-24
-25
-27
-27
-29
-28
-29
-30
-33
-33
-33
-33
-34
-34
-35
-37
-38
-38
-36
-44
-6
-8
-11
-15
-13
-17
-16
-16
-19
-19
-23
-23
-24
-25
-27
-28
-29
-29
-29
-32
-33
-33
-33
-33
-34
-35
-35
-37
-38
-38
-36
-44
-6
-7
-11
-14
-13
-17
-17
-16
-19
-20
-24
-23
-25
-27
-29
-28
-30
-30
-30
-31
-34
-34
-34
-34
-35
-35
-36
-38
-39
-38
-36
-45
-7
-8
-11
-14
-13
-17
-18
-16
-20
-19
-25
-24
-25
-27
-29
-29
-30
-30
-30
-32
-34
-34
-34
-34
-36
-36
-36
-38
-39
-39
-36
-42
-6
-8
-11
-14
-12
-18
-17
-16
-18
-18
-23
-24
-24
-25
-27
-27
-29
-28
-29
-30
-33
-33
-33
-33
-34
-34
-35
-37
-38
-38
-36
-42
-6
-9
-11
-15
-13
-17
-16
-16
-19
-19
-23
-24
-25
-26
-28
-28
-29
-29
-28
-32
-33
-33
-33
-33
-34
-35
-35
-37
-38
-39
-36
-42
-7
-8
-11
-15
-13
-17
-16
-16
-19
-20
-24
-24
-25
-27
-29
-29
-30
-29
-29
-31
-34
-34
-34
-34
-35
-35
-36
-39
-39
-38
-36
-43
-7
-9
-12
-15
-13
-18
-17
-16
-20
-19
-25
-25
-25
-27
-29
-29
-30
-30
-29
-31
-34
-34
-34
-34
-36
-36
-36
-38
-39
-39
-37
