float FFT_INPUTS[128] = {
    1.386749982833862,
    -0.000000000000000,
    -0.045451998710632,
    -1.067909955978394,
    0.352786988019943,
    -0.986549019813538,
    0.859403014183044,
    0.734848022460938,
    0.187371000647545,
    0.247492998838425,
    0.530948996543884,
    -0.778415024280548,
    -1.021813035011292,
    -0.489737987518311,
    -0.340061992406845,
    -0.942287981510162,
    0.865697979927063,
    -0.229763999581337,
    0.473383009433746,
    0.036178000271320,
    0.008777000010014,
    -1.020689964294434,
    -1.214171051979065,
    -0.420506000518799,
    0.217227995395660,
    -0.519482016563416,
    0.520696997642517,
    -0.132587000727654,
    -0.199542999267578,
    1.425866007804871,
    1.058271050453186,
    -0.036348998546600,
    0.554700016975403,
    -0.554700016975403,
    0.327654004096985,
    0.872824013233185,
    -0.507718026638031,
    0.348782986402512,
    -1.164981961250305,
    0.578904986381531,
    0.729704022407532,
    0.819683015346527,
    0.617331027984619,
    0.125334993004799,
    -0.535264015197754,
    0.721431016921997,
    -0.501051008701324,
    -0.193514004349709,
    -0.310997992753983,
    -1.339164972305298,
    -1.081771969795227,
    -0.147028997540474,
    -1.130030035972595,
    -0.181953996419907,
    0.666293978691101,
    -0.657123982906342,
    -0.024902999401093,
    0.477257996797562,
    -0.815521001815796,
    1.021790981292725,
    0.814002990722656,
    0.939631998538971,
    0.109027996659279,
    0.866216003894806,
    -1.386749982833862,
    0.000000000000000,
    0.109027996659279,
    -0.866216003894806,
    0.814002990722656,
    -0.939631998538971,
    -0.815521001815796,
    -1.021790981292725,
    -0.024902999401093,
    -0.477257013320923,
    0.666293978691101,
    0.657123982906342,
    -1.130028963088989,
    0.181953996419907,
    -1.081771969795227,
    0.147027999162674,
    -0.310997992753983,
    1.339164972305298,
    -0.501051008701324,
    0.193514004349709,
    -0.535264015197754,
    -0.721431016921997,
    0.617331027984619,
    -0.125334993004799,
    0.729704022407532,
    -0.819683015346527,
    -1.164981961250305,
    -0.578904986381531,
    -0.507718026638031,
    -0.348782986402512,
    0.327654004096985,
    -0.872824013233185,
    0.554700016975403,
    0.554700016975403,
    1.058271050453186,
    0.036348998546600,
    -0.199542999267578,
    -1.425866007804871,
    0.520696997642517,
    0.132586002349854,
    0.217227995395660,
    0.519482016563416,
    -1.214171051979065,
    0.420504987239838,
    0.008777000010014,
    1.020689010620117,
    0.473383009433746,
    -0.036178000271320,
    0.865698993206024,
    0.229763999581337,
    -0.340061992406845,
    0.942287981510162,
    -1.021813035011292,
    0.489737987518311,
    0.530948996543884,
    0.778415024280548,
    0.187371000647545,
    -0.247492998838425,
    0.859402000904083,
    -0.734848022460938,
    0.352786988019943,
    0.986549019813538,
    -0.045451998710632,
    1.067909955978394,
};
