float FFT_INPUTS[128] = {
    -0.550323128700256,
    0.688112735748291,
    0.322322487831116,
    -0.243615627288818,
    -1.153302550315857,
    0.439431190490723,
    1.111910104751587,
    0.695678234100342,
    0.008991241455078,
    0.138577222824097,
    0.402102708816528,
    0.184135675430298,
    1.371026515960693,
    0.037109613418579,
    0.512275695800781,
    0.139122724533081,
    1.162894487380981,
    -0.477283000946045,
    0.947879314422607,
    1.368097305297852,
    -0.537534534931183,
    0.172731161117554,
    -0.888694822788239,
    -0.752827644348145,
    -0.274626135826111,
    -0.405024051666260,
    -1.283678531646729,
    0.529814004898071,
    1.314273595809937,
    -1.250154495239258,
    -1.135442495346069,
    -1.275445222854614,
    -0.019020915031433,
    0.609153270721436,
    -1.444170594215393,
    0.113487005233765,
    -1.012605428695679,
    0.215880990028381,
    0.416935086250305,
    1.291373729705811,
    1.495254516601562,
    0.187526464462280,
    -1.244030356407166,
    0.150431394577026,
    0.606148958206177,
    1.344367742538452,
    -0.585440576076508,
    0.776597499847412,
    -1.245331168174744,
    -1.287920594215393,
    -0.303817749023438,
    0.594708919525146,
    0.805598497390747,
    -1.060593247413635,
    -0.360245943069458,
    -0.324473619461060,
    1.108430862426758,
    -1.230755090713501,
    -0.947793126106262,
    -0.343260049819946,
    -0.809137344360352,
    -0.220477581024170,
    -0.274430990219116,
    0.833049774169922,
    0.025022029876709,
    -0.799447536468506,
    1.289863824844360,
    -0.371595501899719,
    -0.555576086044312,
    -0.397140979766846,
    0.711490154266357,
    -1.185140609741211,
    -0.308359146118164,
    0.832234382629395,
    -0.015177965164185,
    -1.198583602905273,
    0.854694128036499,
    0.083070755004883,
    0.730593204498291,
    -0.207244396209717,
    -1.079112529754639,
    -0.157509088516235,
    1.409062385559082,
    0.493308305740356,
    -1.294228792190552,
    0.337610363960266,
    0.645960807800293,
    -0.215184807777405,
    1.209112405776978,
    -0.381047368049622,
    0.621746778488159,
    -0.478459119796753,
    0.723593235015869,
    -1.455883622169495,
    -0.748855769634247,
    1.401541709899902,
    -0.648870110511780,
    0.522760152816772,
    1.313100576400757,
    1.042472600936890,
    0.418878436088562,
    -0.110380530357361,
    0.541214466094971,
    -0.794239044189453,
    -0.051352620124817,
    1.479395389556885,
    -0.313436388969421,
    -1.041742920875549,
    -0.355873942375183,
    0.818707227706909,
    -0.469959139823914,
    1.371375322341919,
    -0.026516199111938,
    -1.496836900711060,
    0.917382478713989,
    -0.229378104209900,
    -1.072227597236633,
    1.145762920379639,
    -1.096864700317383,
    1.013771533966064,
    -1.454639196395874,
    1.319111585617065,
    -1.285046815872192,
    1.287492752075195,
    0.815229177474976,
    1.025945425033569,
    0.052644729614258,
    -0.265557527542114,
};
