float FFT_OUTPUTS[128] = {
    -0.980090379714966,
    5.026745319366455,
    -3.915761232376099,
    14.761768341064453,
    -5.766252994537354,
    -9.847861289978027,
    -2.652115106582642,
    -2.206420421600342,
    0.551777839660645,
    -7.211706161499023,
    -9.927259445190430,
    -4.222024917602539,
    -9.014604568481445,
    3.003698110580444,
    7.103674888610840,
    -1.226713657379150,
    0.595106363296509,
    1.191301345825195,
    8.550810813903809,
    -0.625341415405273,
    9.661073684692383,
    -10.465559005737305,
    -3.272459506988525,
    8.213774681091309,
    -3.520019769668579,
    5.621343612670898,
    -1.153563380241394,
    3.155996322631836,
    -4.681999206542969,
    2.629272222518921,
    -3.008129358291626,
    4.084472656250000,
    -1.412485957145691,
    -2.808158874511719,
    2.445260286331177,
    -5.623745441436768,
    0.883525848388672,
    -7.386297225952148,
    -4.330633640289307,
    2.656836271286011,
    5.857142925262451,
    13.072586059570312,
    -0.896676063537598,
    3.404556274414062,
    2.131058692932129,
    1.147775411605835,
    -3.981093645095825,
    4.309794902801514,
    -7.927800178527832,
    -26.157140731811523,
    10.045673370361328,
    -3.641261100769043,
    -1.016915321350098,
    2.077333688735962,
    0.825058937072754,
    4.954454898834229,
    -6.523041725158691,
    -2.540009498596191,
    7.245306015014648,
    0.438288688659668,
    -8.654822349548340,
    -3.823042631149292,
    3.745268344879150,
    14.676101684570312,
    -0.078888654708862,
    -3.692676067352295,
    -4.415760993957520,
    -9.299377441406250,
    -4.976293087005615,
    8.579400062561035,
    -10.051127433776855,
    -0.641021370887756,
    10.492721557617188,
    8.107262611389160,
    0.762173175811768,
    8.453559875488281,
    -7.262444972991943,
    3.443010568618774,
    -1.080872297286987,
    3.042567729949951,
    -8.102012634277344,
    7.972622871398926,
    12.121077537536621,
    6.668566703796387,
    5.005271434783936,
    -4.217817306518555,
    -10.767513275146484,
    10.977822303771973,
    3.022313833236694,
    10.599229812622070,
    -1.706913590431213,
    -3.299242973327637,
    -4.008419036865234,
    -8.748863220214844,
    3.851078748703003,
    -2.295632600784302,
    -0.122317433357239,
    -0.361720442771912,
    -9.359869003295898,
    3.361785411834717,
    6.034027099609375,
    0.071968793869019,
    2.073494434356689,
    -5.130982398986816,
    -3.580356121063232,
    1.567344665527344,
    -19.102569580078125,
    -8.520114898681641,
    10.227399826049805,
    -6.340958595275879,
    8.523615837097168,
    -9.699300765991211,
    -1.021571159362793,
    -0.362741470336914,
    -0.432788848876953,
    -7.519477844238281,
    8.516005516052246,
    0.397813081741333,
    2.676920413970947,
    -4.682510852813721,
    -6.341551780700684,
    6.304975509643555,
    1.917627573013306,
    16.229442596435547,
    5.204829216003418,
    9.588156700134277,
    -0.242981791496277,
    6.845310688018799,
};
