float FFT_OUTPUTS[128] = {
    -0.000002920627594,
    -0.000002980232239,
    8.875200271606445,
    -0.000000006520736,
    -8.875198364257812,
    0.000001417469775,
    -8.875198364257812,
    0.000004000031822,
    8.875204086303711,
    -0.000000860548141,
    8.875203132629395,
    -0.000004560118668,
    -8.875203132629395,
    -0.000002490353381,
    8.875198364257812,
    -0.000002302770326,
    -8.875204086303711,
    -0.000000222354970,
    8.875205039978027,
    0.000002342818789,
    -8.875202178955078,
    -0.000000728297437,
    -8.875201225280762,
    0.000001377427452,
    -8.875201225280762,
    -0.000000402967828,
    -8.875203132629395,
    -0.000000817340606,
    -8.875201225280762,
    0.000000783402811,
    8.875198364257812,
    0.000000496916982,
    8.875201225280762,
    0.000002920627594,
    -8.875204086303711,
    0.000001513397706,
    -8.875199317932129,
    0.000002490353381,
    8.875196456909180,
    -0.000000970978476,
    -8.875205039978027,
    -0.000000264501693,
    8.875205039978027,
    0.000000089043453,
    -8.875208854675293,
    0.000001509829417,
    8.875202178955078,
    -0.000000805958393,
    8.875199317932129,
    -0.000003117986807,
    8.875201225280762,
    0.000000028325530,
    8.875204086303711,
    -0.000001231632496,
    0.000004291534424,
    0.000002927148216,
    -0.000004291534424,
    -0.000000569963277,
    0.000001430511475,
    -0.000003559154266,
    0.000001907348633,
    -0.000001775097644,
    -0.000002861022949,
    -0.000002824700005,
    0.000002920627594,
    0.000002980232239,
    -0.000005722045898,
    -0.000000304543960,
    0.000001907348633,
    0.000000940632617,
    -0.000001907348633,
    0.000002569520348,
    0.000003337860107,
    0.000000331544754,
    0.000000953674316,
    0.000003307694215,
    8.875201225280762,
    -0.000000583004748,
    8.875198364257812,
    -0.000001459424311,
    -8.875196456909180,
    -0.000000306648303,
    -8.875199317932129,
    0.000000435470270,
    8.875202178955078,
    0.000002132725513,
    8.875197410583496,
    0.000003284776085,
    -8.875203132629395,
    -0.000001452214519,
    8.875199317932129,
    -0.000001294177764,
    -8.875203132629395,
    -0.000003141505204,
    8.875202178955078,
    -0.000001079921958,
    8.875203132629395,
    0.000000894069672,
    8.875200271606445,
    -0.000002182090157,
    8.875201225280762,
    0.000002251934802,
    8.875202178955078,
    -0.000002949886948,
    8.875197410583496,
    -0.000000264501693,
    -8.875203132629395,
    -0.000000864630863,
    -8.875203132629395,
    -0.000002199001756,
    8.875202178955078,
    0.000001852422315,
    8.875205039978027,
    -0.000000167707185,
    -8.875201225280762,
    0.000003843022569,
    8.875204086303711,
    -0.000000701799479,
    -8.875200271606445,
    -0.000000172293198,
    8.875200271606445,
    0.000003483152568,
    8.875202178955078,
    0.000000970798737,
    8.875203132629395,
    0.000001324343884,
    8.875203132629395,
    -0.000002884304649,
};
