84
259
213
211
213
213
214
240
245
208
118
116
119
117
122
123
121
130
134
141
156
163
162
154
159
161
166
166
166
166
166
163
170
167
139
164
161
157
164
158
164
161
152
160
156
155
160
156
144
129
118
185
221
220
191
199
208
210
190
191
199
217
216
257
276
284
159
97
137
134
136
145
142
141
143
143
141
139
128
152
110
-9
0
4
-7
5
4
-5
10
4
12
1
1
-3
1
-4
-1
-4
3
-4
3
0
1
-3
0
6
1
0
0
0
-1
-3
4
-15
-7
6
1
-1
3
-1
1
-4
-3
1
-7
-2
1
-6
2
1
-15
3
1
-4
6
0
1
1
1
-4
-3
3
-30
6
3
33
-60
3
1
0
7
0
-4
3
-4
-6
-2
2
-29
-174
243
989
849
848
833
827
923
959
954
753
392
345
414
427
429
420
430
468
509
553
564
612
609
615
617
616
637
647
631
629
630
636
632
630
594
612
620
605
635
624
617
619
585
595
581
578
596
583
536
480
433
532
794
882
837
809
856
843
817
809
799
818
818
837
1114
1141
994
366
481
505
505
524
524
532
539
531
546
577
559
241
428
6
12
9
-2
8
-2
15
29
-49
-24
4
0
-2
-2
-7
3
4
11
-2
24
1
3
-2
0
-4
4
7
-3
-1
3
2
2
-5
-21
4
4
-4
4
-5
-3
-15
-1
7
-4
-5
8
-6
17
-7
-34
38
23
22
-22
7
-2
-6
-7
2
-7
4
-19
37
6
47
-106
27
9
1
4
-2
-6
-1
-6
-3
6
48
68
-262
218
860
764
766
734
792
836
829
819
619
344
274
362
378
369
348
370
418
455
493
501
520
544
553
550
553
561
570
554
554
561
557
564
564
552
548
545
539
582
571
548
545
524
513
515
519
535
533
492
445
402
373
601
736
798
799
799
797
767
744
729
716
714
697
780
1012
1044
816
323
439
445
460
467
475
487
515
568
449
116
34
377
-4
1
3
-14
20
-3
3
68
-3
-33
-21
4
4
-8
-8
10
-1
1
-4
5
13
5
0
-1
5
-3
8
-3
4
-3
-2
1
-1
-14
4
-4
0
8
1
-9
3
-5
-2
-1
12
12
-10
10
-6
-2
-48
11
-14
8
0
12
-1
0
4
7
2
3
-65
57
-2
110
-171
4
2
1
3
-5
-6
-5
-14
23
-56
-40
-21
212
858
780
777
791
842
834
792
793
635
332
271
347
382
369
351
374
416
447
483
492
534
525
527
536
550
548
564
548
538
566
556
519
496
505
518
506
498
547
561
557
559
511
522
510
498
508
521
504
476
406
390
516
730
820
820
803
794
780
757
746
740
725
713
662
853
1024
1061
609
371
442
473
456
470
524
618
347
25
49
72
366
2
-1
-5
15
-1
-7
4
39
6
-29
-8
14
-2
1
-9
1
2
-5
-4
0
-5
-12
-6
-4
-3
-4
7
-13
8
10
6
1
-6
2
-7
-3
-5
13
-6
0
-10
2
16
5
9
7
4
-4
-9
-6
-27
6
11
10
5
-5
1
1
15
1
-6
-6
2
-105
55
0
168
-172
1
4
3
-11
-6
-10
78
-31
1
10
-56
219
872
784
815
851
849
791
784
801
611
312
277
351
375
368
359
376
408
439
468
488
505
526
518
528
552
536
550
546
537
555
523
491
463
477
489
469
470
524
544
556
545
528
530
513
491
502
519
498
471
415
397
504
681
774
806
795
772
773
770
760
758
758
733
701
621
935
1018
1073
474
383
441
459
530
543
157
6
112
102
73
381
-9
-6
8
2
11
-5
6
35
-1
-21
21
10
2
-3
-6
2
2
-9
7
1
23
0
9
-10
0
-6
1
-1
-5
25
-4
-2
-10
1
7
-5
-6
9
5
13
-7
3
0
-7
-5
-6
8
5
4
-5
-24
13
-2
13
-3
8
10
12
14
0
-2
-1
2
7
-76
20
-9
115
-68
0
9
-10
41
27
-80
-10
4
-7
-63
220
880
810
837
801
767
785
795
799
616
306
257
345
367
362
352
367
414
440
450
476
496
507
505
531
534
519
541
549
540
522
497
501
495
494
532
496
521
465
472
528
536
519
540
541
500
502
510
488
455
429
399
480
639
693
752
768
754
753
740
744
762
736
690
660
620
641
1018
1023
1033
367
412
469
444
41
19
131
150
107
51
384
-11
3
-3
-15
4
6
4
41
6
-23
-1
9
0
-4
-6
2
1
-2
2
4
8
0
2
-2
3
-1
4
7
4
-6
7
3
-5
12
-13
0
7
-22
-22
1
0
-10
13
-11
-1
-1
8
-4
-8
-12
-35
14
18
-3
-1
-5
-4
5
-3
7
5
-13
14
1
-16
53
6
6
11
5
-21
31
-4
-41
-13
12
13
8
-28
220
896
846
792
629
674
806
813
830
650
307
275
331
367
361
366
367
428
454
468
489
485
495
524
546
541
511
542
547
538
586
702
700
751
833
927
959
953
881
889
641
500
406
542
559
535
506
495
463
443
421
403
458
643
664
678
730
747
737
739
728
703
669
650
637
628
606
728
1028
1044
891
423
268
20
45
116
136
116
85
44
384
-1
20
16
-10
11
-3
9
38
27
-11
-10
18
-1
2
-1
1
1
-4
4
2
-2
11
0
0
-8
2
-5
-5
-18
6
7
-8
-19
13
7
2
8
-2
92
-32
-63
16
6
11
4
7
15
0
0
-7
-13
31
7
-7
10
23
0
2
5
-2
-11
1
-5
6
-7
-87
71
3
73
-150
80
-55
-6
11
12
0
-2
-21
-28
225
946
830
575
470
691
820
820
832
647
287
240
315
327
333
351
382
411
439
459
471
477
498
503
524
524
514
536
521
562
599
632
709
773
801
844
895
899
913
924
982
988
797
446
406
475
486
480
443
421
400
385
450
663
676
667
702
741
727
679
646
654
652
628
616
609
620
579
829
1042
1135
462
-23
65
114
122
93
83
68
58
392
23
19
-111
-37
24
-3
0
50
3
-23
0
6
-4
-7
-6
-2
12
2
3
4
-7
23
6
7
-6
4
1
-21
5
-20
-29
-15
-6
-5
-11
-1
2
-5
-11
12
-28
-133
-44
23
3
-1
-4
4
-10
-8
-19
22
-1
-6
12
-1
0
0
-17
-3
1
-1
6
-5
4
7
-112
60
-11
345
-174
16
-5
12
4
-6
0
0
-40
236
952
712
306
343
696
835
821
817
621
284
223
288
315
336
343
360
395
421
438
455
470
485
483
494
446
451
479
469
514
545
580
624
667
766
826
892
909
916
934
938
948
973
996
795
352
340
429
432
408
396
381
449
687
728
691
681
640
679
702
626
652
657
644
632
649
652
656
650
950
732
-61
52
102
140
86
66
61
74
58
413
18
46
-26
20
45
8
-3
33
21
-27
-8
7
6
5
-11
-2
2
-5
-3
4
-1
-2
-6
20
0
2
4
-3
18
-9
-3
7
3
-13
7
-2
0
6
3
-2
0
33
-25
-113
-31
38
6
-7
2
1
-24
21
15
7
-9
-3
-4
27
6
-14
0
4
5
4
14
-1
17
-49
63
-238
13
-4
16
25
4
-1
-11
20
-34
238
895
396
203
361
700
842
833
805
613
268
229
294
337
334
344
361
389
413
439
447
467
468
488
457
391
425
445
485
525
547
589
590
611
706
778
887
912
924
938
942
943
946
966
1015
1004
863
246
400
386
378
371
440
701
761
766
660
519
461
682
680
651
669
640
653
670
667
690
802
322
-63
63
100
110
72
109
89
125
159
101
419
20
-78
-65
-9
31
2
1
49
18
-17
1
1
-10
5
-6
8
5
0
-3
-3
-2
4
38
-32
-11
-6
-7
-5
-7
2
20
-2
-9
5
7
-5
2
9
2
6
-2
0
1
82
1
-151
43
6
-1
-8
-21
22
0
6
27
-5
-19
33
16
-13
7
-4
-6
2
-2
2
-26
157
-111
36
1
8
12
-24
5
-19
22
-52
-114
235
577
231
242
371
694
835
836
810
598
275
231
293
328
348
353
367
392
418
435
461
471
482
462
396
410
447
460
452
493
535
580
594
606
664
765
872
914
931
930
943
990
997
1017
1014
1013
1059
886
145
335
334
324
420
700
770
756
705
415
209
458
700
671
668
641
662
663
671
813
337
-28
64
125
124
88
96
76
137
194
270
559
414
-72
6
-60
1
30
3
3
21
-6
-22
-1
9
-1
4
-5
0
1
1
2
3
7
12
-11
1
-3
-1
3
-17
-13
16
12
3
-6
-26
11
26
10
4
-3
-16
-1
4
-2
-7
-1
128
-192
56
7
-1
-31
4
21
9
21
39
-33
-45
23
11
1
-3
-11
-2
-5
-21
165
-125
-6
7
5
-16
-4
11
-29
16
-23
29
-698
123
299
269
253
343
679
826
837
807
585
284
230
313
335
337
354
364
388
431
437
461
472
468
402
417
437
441
415
445
529
572
632
645
658
645
728
832
885
934
983
995
1002
990
981
982
1005
1013
1061
874
203
233
294
423
688
782
763
705
479
40
206
530
704
680
658
663
673
768
424
-24
60
137
121
75
91
89
148
162
408
738
546
188
-2
3
-46
-3
17
1
3
12
4
-27
7
7
-13
-2
-3
6
4
2
5
5
11
-2
5
-4
5
2
-8
-4
3
1
16
8
1
-2
36
-3
-9
3
3
8
3
-1
-1
1
2
0
141
-239
-111
-5
-38
8
32
-2
14
35
-36
-78
12
49
-1
0
-3
-4
-12
171
-175
2
25
1
-5
8
0
-16
6
-62
39
-11
-693
83
296
281
268
356
653
832
839
819
610
286
216
302
335
341
336
363
395
429
435
455
471
398
411
416
417
433
456
550
581
608
636
624
569
583
631
853
944
963
960
965
962
973
987
998
1005
1009
1009
1039
1134
346
185
402
680
785
772
742
476
82
16
257
584
682
601
653
734
560
-44
42
142
143
78
99
87
125
111
460
694
707
631
108
5
0
-42
15
33
9
-10
29
-2
-35
1
-7
-2
-3
-4
4
-1
2
-4
0
-10
5
3
-1
-6
-5
-28
16
6
0
18
-4
-12
-40
-31
-1
13
1
1
1
-4
-2
1
-2
-2
-1
1
69
206
-147
-56
25
31
9
19
41
-29
-25
-32
12
36
-9
3
12
119
-167
20
2
5
16
-23
9
-14
22
-65
86
-43
18
-799
91
310
278
262
352
679
811
832
818
630
298
232
283
318
338
346
357
398
419
421
477
412
372
410
423
416
463
513
581
619
585
641
556
463
616
916
948
941
936
941
962
962
990
996
998
998
993
1003
1012
1010
1150
257
341
666
764
770
754
474
118
31
-24
309
748
855
712
605
-2
42
116
130
132
103
130
94
62
524
710
687
827
617
125
-1
2
-40
3
34
14
6
18
-6
-33
-5
2
3
2
-1
10
5
7
-21
93
-16
-7
7
1
-7
1
13
0
-18
9
13
-17
17
89
21
1
5
-7
7
4
-5
-2
0
0
-3
2
-4
0
-42
198
-39
27
20
4
10
36
-35
-40
4
-113
101
78
-99
52
-99
9
-23
1
-9
-18
-8
15
-17
-90
67
-36
24
-2
-785
93
300
265
254
323
655
831
830
816
624
267
216
272
299
314
329
367
381
408
364
790
416
376
412
419
440
473
542
569
566
572
459
529
859
943
902
902
921
926
947
960
961
956
971
973
988
985
996
1005
1008
1020
963
193
625
761
781
763
441
85
-64
312
943
1064
1030
1078
856
-75
96
140
117
100
106
140
78
495
746
726
833
811
603
129
-1
1
-24
20
21
1
2
8
-3
-27
7
1
-2
-10
-14
2
-9
2
-149
154
-16
0
1
-5
-6
-7
13
1
6
16
-21
102
27
-13
-2
-5
-4
3
3
3
-2
-2
-3
1
-6
-2
-3
1
-4
8
-259
5
42
0
0
44
-17
-14
25
226
85
-13
19
48
-447
-9
13
-2
-6
-3
11
5
-131
120
-27
22
-6
1
-767
94
319
308
295
342
630
833
842
824
644
267
218
284
327
348
347
355
396
412
463
968
328
361
396
431
457
494
483
548
514
471
740
914
881
861
909
900
916
933
932
932
939
955
965
964
981
977
981
990
992
1000
1041
912
590
756
756
693
387
237
802
1076
1003
1011
1007
1020
941
-25
112
90
65
69
87
53
434
773
725
827
794
790
589
130
-9
0
-17
6
12
6
3
4
-35
-27
-11
1
-3
1
4
7
7
-9
299
-14
-12
0
-9
-5
2
-16
-23
13
-16
-91
-6
-11
4
22
16
-9
8
2
-1
-2
-6
-3
0
-6
2
-11
-5
-10
3
2
122
-136
14
-2
2
1
-86
-126
88
-23
7
-1
-2
-1
-333
-18
10
-9
3
11
1
-140
147
-28
17
-5
-2
-8
-750
100
367
342
298
355
648
833
845
844
675
287
228
298
343
355
354
357
398
392
467
780
348
351
380
397
446
481
487
448
579
725
762
748
836
905
903
902
916
914
904
909
924
936
952
959
957
940
933
966
981
974
965
1017
917
666
688
743
907
1053
1004
999
993
982
1005
1019
922
-40
113
103
46
97
112
252
795
734
838
793
783
782
589
143
-2
14
-30
11
17
4
11
29
-30
-33
-1
13
-1
4
-2
14
4
-17
177
-104
-1
5
-11
-6
5
11
11
-9
28
61
-10
28
-3
1
1
5
4
-2
0
3
0
-3
3
4
5
-8
-6
3
-1
-4
-6
85
-72
11
20
68
-43
35
13
0
-1
-9
2
-10
-468
-12
5
-13
-12
9
-76
147
-29
20
7
-4
-2
-5
-748
109
371
333
324
375
658
834
862
875
684
288
221
295
330
338
335
337
380
278
872
816
416
367
377
400
420
476
446
595
707
665
687
770
830
863
890
875
859
880
901
907
898
911
919
923
925
933
948
942
935
939
937
926
948
900
924
994
976
990
978
976
997
994
1009
1058
711
-19
109
78
64
120
205
758
721
818
809
800
787
773
586
161
1
8
-23
-31
44
9
5
70
-20
-36
2
-1
4
3
-2
-1
10
-293
37
-69
-19
-1
-13
2
2
11
-42
-23
-4
-14
-17
7
-6
-10
-6
-7
-8
2
3
-2
-4
7
-6
0
-6
5
4
3
-2
2
-2
-2
33
-12
33
-4
6
5
-4
4
14
-11
-2
132
-337
11
8
-17
6
-18
20
-12
-8
-2
-5
0
2
-10
-747
99
350
319
316
362
649
856
863
877
698
282
233
302
330
332
325
339
361
265
848
805
611
436
378
399
421
479
647
678
616
649
696
739
719
841
855
880
865
877
894
884
867
889
907
906
925
929
922
918
898
903
909
922
943
970
967
969
968
969
976
998
970
888
970
1094
160
54
79
43
101
134
669
734
807
817
816
806
796
794
595
141
2
0
-9
-24
39
4
1
59
7
-24
0
-10
8
-4
-5
8
8
-285
59
15
-9
-27
-2
4
-40
-48
42
-8
-20
-2
-20
-11
-10
0
-11
-4
-3
9
14
0
-4
9
1
-6
-1
4
0
4
-5
5
0
-3
-3
-3
3
0
3
-2
1
19
-58
-16
18
374
-37
7
-9
-30
-14
-109
28
2
12
2
6
3
-2
-2
-756
96
337
299
299
373
692
854
863
866
703
301
239
298
334
321
329
332
344
253
830
836
691
528
372
363
463
612
605
584
657
675
651
681
716
777
848
855
855
848
842
838
829
850
866
869
881
895
873
891
883
897
929
944
960
956
952
960
975
981
995
996
865
804
875
781
-80
97
83
54
119
546
740
793
814
805
803
797
786
786
596
136
-3
-2
-27
9
27
9
-1
49
-10
-33
9
5
2
1
-1
10
10
-266
38
27
-5
-3
-12
-24
35
10
-7
7
15
22
-18
31
-35
30
0
-2
-8
-3
15
9
6
2
12
6
7
-4
-5
0
-3
1
3
4
-3
-1
-4
-3
1
-1
0
-33
31
-47
64
-441
28
-3
5
-16
-128
113
-37
0
5
-2
4
2
0
0
-758
106
357
306
337
412
683
852
857
862
713
287
213
302
322
313
330
328
315
288
907
901
759
627
490
450
593
563
532
615
650
577
614
665
740
777
708
649
748
760
794
745
844
909
870
872
850
818
828
868
931
948
947
942
950
960
967
983
989
996
1097
856
616
473
1085
49
72
93
109
118
338
779
754
811
802
787
792
785
773
773
581
154
0
-10
8
-2
22
4
3
48
22
-36
12
9
0
7
0
0
-16
-13
13
10
-62
39
-19
-27
3
-27
-6
31
7
-25
25
-27
5
-3
-69
-20
0
44
-38
-19
17
-4
16
0
4
-5
-12
5
-1
-2
0
-1
-1
0
-1
4
-2
-5
74
-42
-73
76
259
-12
7
-1
-8
-90
177
-30
24
-1
5
-5
2
-6
0
-4
-738
106
376
323
363
426
687
852
864
870
763
282
214
290
318
333
332
329
317
233
879
936
811
593
481
457
473
509
624
600
566
557
616
661
638
586
472
356
297
612
493
363
422
293
219
131
240
843
899
959
957
952
949
948
960
977
975
1043
980
885
478
221
283
1024
467
-25
99
66
77
137
717
720
824
805
801
794
794
775
765
761
572
155
5
-7
-9
8
24
1
2
23
7
-33
-4
-5
5
9
0
2
-6
-178
16
40
-82
14
-7
8
-58
16
9
5
-3
-28
24
-5
-12
-32
-3
-83
-103
25
-38
-69
-30
2
46
-90
146
-17
4
11
-1
-1
-3
1
-3
-3
-11
24
-22
50
-61
-52
-60
220
-272
17
2
-11
22
12
2
23
-1
-2
2
0
2
4
-1
-5
-727
114
412
339
361
422
690
859
859
858
762
292
220
289
311
326
343
330
328
189
829
977
819
524
557
396
471
633
539
532
570
572
620
604
539
450
365
166
208
407
322
273
217
208
-7
250
799
916
930
947
940
942
947
950
973
1046
932
735
351
202
430
751
1029
201
1
118
56
109
99
484
729
814
837
820
813
800
796
785
772
764
573
171
10
-8
-3
15
29
1
9
38
16
-33
-12
3
4
10
6
8
-3
-327
30
54
-102
29
-49
-29
26
13
-8
12
-6
27
-17
-15
-42
5
-8
-16
39
73
-35
17
3
26
-75
-6
-12
14
9
6
-5
6
0
-1
36
-2
130
117
-101
-18
0
11
202
-50
32
3
-19
5
-171
131
-48
8
-1
-4
5
5
5
-4
-7
5
-724
117
422
361
353
401
689
858
855
862
745
309
208
291
315
325
330
311
334
322
345
1045
924
778
546
484
574
495
490
532
510
514
560
395
228
179
129
110
238
166
268
283
158
287
567
895
961
913
919
911
918
933
943
976
833
413
354
558
762
871
1012
799
0
37
130
102
66
102
208
750
733
848
835
835
825
808
792
787
777
765
579
177
2
-1
-9
-16
26
2
-4
53
33
-47
6
14
1
5
0
5
19
-17
315
7
28
87
-54
4
10
-16
21
-7
-7
-2
70
-12
14
5
-38
-23
8
-15
11
29
13
65
103
48
-11
0
-4
-5
1
-1
-4
96
-220
-38
-16
5
-33
-19
106
-83
-109
20
24
-19
13
-4
124
-25
57
0
2
2
4
-9
4
2
7
2
-733
120
432
363
331
376
661
863
861
871
748
307
208
279
309
321
317
317
366
372
254
786
943
894
552
525
521
547
525
529
508
363
255
224
176
175
99
113
168
158
274
233
331
636
958
957
917
908
909
897
914
932
950
920
276
328
413
600
827
936
333
-33
72
133
130
43
80
108
471
649
851
836
833
827
829
813
814
805
791
775
572
182
5
-4
-18
-20
55
2
2
54
46
-44
3
-6
2
0
2
-10
4
13
-271
51
9
39
10
12
10
10
-3
17
38
-20
-14
9
-16
31
-94
-12
-12
-34
-62
-86
-111
30
5
2
-5
1
-7
-7
3
-4
9
-33
-40
3
-28
-4
61
241
23
-1
11
-5
-4
-5
-5
-122
1
12
-4
0
-2
0
0
-3
3
4
5
-1
-725
120
429
361
323
317
647
865
867
876
766
331
197
277
316
328
326
334
374
401
385
364
1033
949
456
460
495
555
555
528
345
190
187
267
135
194
221
78
80
43
181
272
583
919
920
905
880
908
893
897
953
957
963
1008
637
240
203
563
726
147
3
85
152
157
88
44
100
278
581
656
870
841
827
830
828
821
823
812
804
784
582
182
-4
-7
-9
-16
40
4
0
35
23
-64
0
-4
2
-1
-3
-11
-3
8
13
340
-12
-100
6
-15
22
2
18
-18
-35
-11
57
26
-21
46
-5
-23
-5
-120
8
-32
31
-1
6
-23
7
-1
-6
0
3
-4
0
168
-125
-44
-122
-14
66
-108
-6
13
1
25
-18
-21
-42
148
-54
83
5
-5
-1
-3
-4
-3
3
-8
-2
1
-738
114
413
362
326
304
648
856
869
883
782
341
210
291
332
359
337
345
373
426
404
350
1094
539
417
432
500
467
429
241
146
69
50
161
218
203
248
216
-20
65
501
745
820
925
919
865
867
873
882
944
965
983
991
1005
878
208
76
313
778
131
57
121
157
158
63
76
100
540
590
747
782
813
823
819
834
826
823
805
791
788
584
171
2
-6
-11
-8
42
7
4
35
29
-61
-11
-2
9
6
-3
10
10
-3
-2
-109
287
-41
4
-4
-14
-29
-59
44
41
-14
-11
39
59
23
7
-98
-66
87
-94
6
23
1
-12
-4
5
-7
4
11
5
-9
4
20
-164
-37
14
272
21
-24
-2
7
3
-18
-6
9
-85
6
44
10
-3
0
2
7
-4
0
7
4
-1
13
-738
118
417
347
311
300
627
862
873
881
776
366
212
298
355
372
353
349
391
442
440
402
555
440
425
509
554
277
154
105
98
141
147
113
148
252
297
198
147
732
911
920
844
919
890
856
829
872
922
957
974
987
1010
1016
1026
385
32
146
523
191
135
148
164
141
59
71
295
627
786
816
763
735
730
738
725
768
799
797
773
764
573
179
9
2
-9
-3
40
5
0
37
12
-74
-10
-11
3
7
-5
-5
5
2
-1
-78
69
-8
15
20
17
-12
56
16
65
44
-3
18
-28
-5
59
-36
-16
21
34
-24
-11
18
5
2
4
-7
3
-4
-1
-8
0
14
165
-3
-77
-42
97
-6
-3
1
1
-49
13
-73
154
-63
18
-12
3
-6
15
-12
17
16
7
7
-2
-6
-728
112
402
333
307
293
644
870
875
886
780
344
215
304
348
370
366
367
402
440
444
445
476
468
561
590
327
133
147
117
160
175
104
135
175
174
103
222
726
882
860
944
928
824
823
892
901
906
913
950
964
976
996
1016
1052
632
83
-3
619
199
139
163
167
124
91
105
564
655
834
815
811
825
820
780
717
668
669
677
683
703
543
166
-11
0
-10
-12
27
5
2
36
25
-60
-10
19
-1
2
-11
3
9
-5
-5
-6
12
4
29
63
5
48
55
-83
2
-62
-45
-7
-16
-9
-57
121
102
-6
39
1
-7
-43
-6
0
-3
1
4
6
-5
0
2
1
168
-113
-41
-89
196
-9
6
-2
3
4
-5
-47
-38
32
3
7
2
9
-5
23
-24
0
-3
-1
1
12
-682
108
396
350
318
280
644
857
882
892
779
334
219
293
357
372
365
364
397
427
480
548
219
412
553
329
213
126
191
92
185
142
39
136
279
164
143
637
955
861
887
968
738
520
569
499
742
905
910
917
949
946
998
967
861
399
112
40
326
380
150
177
138
109
119
290
607
749
827
792
776
790
809
792
759
736
737
729
684
643
485
158
5
9
-16
-21
21
9
2
40
26
-56
7
6
6
4
-6
-2
3
-26
17
111
-107
66
-60
-32
12
12
3
-6
40
-24
-8
-10
56
-65
1
68
16
-17
102
53
-53
-25
-22
-116
16
21
-9
14
3
-13
46
23
40
-20
-51
32
175
-63
1
21
-21
9
-73
121
-45
25
-6
3
-5
10
10
-1
-5
0
4
7
-11
2
-608
110
404
343
299
273
632
866
884
890
800
360
217
282
346
352
335
334
365
493
691
751
420
354
226
237
277
236
74
186
117
190
97
30
59
127
739
939
925
975
731
263
235
253
183
248
325
562
821
900
944
1004
722
272
148
211
175
84
190
440
131
182
81
113
99
538
635
801
785
763
764
762
774
764
741
734
759
777
712
687
475
162
-2
-2
-13
-24
36
4
-1
28
43
-65
-4
2
3
-8
-5
2
-37
22
-3
99
-85
-71
-8
-9
15
-97
-31
-23
-99
124
-13
-3
-106
-47
15
-5
-35
-60
-153
5
6
-7
-35
14
-16
30
15
23
-18
90
-33
0
-3
7
-29
-36
123
-151
4
7
-7
-2
-148
-12
46
0
2
0
1
-7
-6
-1
1
-12
-5
-22
6
2
-595
101
361
293
264
242
604
870
885
890
796
361
216
289
342
338
324
228
608
755
764
478
230
149
214
182
349
317
18
119
55
25
95
37
44
529
915
932
1042
474
82
122
93
179
745
276
375
527
674
881
1029
609
73
335
304
83
83
48
182
482
185
146
66
86
198
648
750
792
773
751
742
752
742
741
740
733
721
695
641
596
426
144
-8
3
-10
-25
45
10
1
34
14
-70
-2
5
3
6
14
-190
226
-22
76
-50
-38
29
20
-23
62
-152
10
0
2
1
9
-20
65
117
4
16
140
-75
29
30
-13
-166
183
-69
27
-12
7
26
150
-59
-39
199
-62
8
-20
-1
155
-38
9
-45
-15
-36
154
-33
19
6
-11
6
5
5
-2
0
3
-3
0
-3
-4
-7
-533
109
380
303
258
217
609
871
891
901
805
368
229
340
385
372
261
339
829
862
356
232
205
199
244
250
324
366
75
38
79
56
46
-13
379
847
950
938
585
491
503
380
423
623
1000
847
460
488
586
920
1023
553
431
596
362
135
63
79
298
747
197
92
88
50
435
645
788
766
740
727
719
738
745
730
700
679
636
603
587
696
629
162
10
-3
-18
-26
49
5
3
32
-11
-69
-10
-4
8
2
-61
105
86
142
-19
-27
26
31
13
11
251
11
-4
-17
4
3
22
-21
-24
-24
100
3
-95
9
-130
15
-81
187
17
-121
-19
4
-18
51
-10
-90
-53
157
-21
23
-15
-35
239
-150
11
-26
2
-163
89
47
5
14
5
7
10
1
5
3
9
13
16
-2
-23
14
-796
116
383
277
233
200
598
863
893
914
835
376
233
345
395
423
587
555
331
154
99
317
388
93
221
276
400
544
125
38
51
100
3
271
822
974
868
313
597
726
782
732
674
671
807
859
653
576
544
897
1026
840
692
549
334
246
132
110
287
786
221
62
58
157
584
704
788
736
736
727
716
714
713
692
653
611
587
775
913
942
698
175
-4
-6
-12
-43
34
7
6
32
16
-68
-14
19
-4
50
211
-40
48
-32
48
22
-27
-63
57
-42
71
50
-38
-11
10
1
-152
-113
34
123
-165
-19
-19
27
19
1
15
-88
4
53
-8
-13
-74
57
-5
36
-24
30
17
-29
-7
-51
271
-158
-54
3
-1
95
-64
37
5
-3
5
8
-1
7
5
11
9
-34
-61
12
14
-2
-894
96
295
241
211
159
562
877
895
910
830
375
225
338
405
531
619
366
191
180
306
464
294
42
113
303
385
405
253
38
56
42
167
604
1003
830
187
481
611
785
862
896
918
916
901
859
708
620
521
839
1019
918
784
607
545
375
125
132
272
799
202
53
37
300
611
781
765
739
738
728
705
680
682
657
575
603
928
956
927
916
694
134
2
6
-16
-74
36
15
4
38
23
-70
-17
2
-7
51
-12
-33
-8
-20
29
56
-42
-35
-37
56
42
35
-118
-11
-6
-89
76
116
151
-219
58
-6
4
2
-2
5
1
11
18
22
-1
-24
-132
67
16
5
-5
19
-1
-75
-13
-89
175
52
-41
17
-117
128
-18
1
-1
-2
-5
10
4
-4
8
-1
-40
34
25
-3
-1
-4
-890
81
256
214
196
162
562
859
891
901
820
383
226
332
433
538
358
261
239
208
353
422
143
69
77
137
125
48
559
182
41
54
477
982
817
-67
365
503
583
705
816
892
915
905
883
824
701
635
542
750
1045
905
820
676
582
362
119
144
165
838
203
94
63
521
691
807
752
739
714
702
692
666
669
595
583
938
930
924
929
933
729
104
1
-4
-9
-73
30
10
1
34
34
-74
1
-13
8
115
-27
-13
-37
-16
51
-21
44
-12
-15
32
-61
119
277
-25
20
92
-44
141
-226
21
25
-11
8
-15
9
9
-3
5
9
-9
-2
-25
-82
62
66
-2
-7
-6
6
-85
-9
-36
-132
360
-43
1
-150
-26
64
5
-6
-3
-1
-6
-3
-4
3
-32
42
9
-5
-4
0
-3
-936
77
242
211
186
133
557
853
874
884
805
376
198
370
465
502
348
412
266
299
441
417
168
136
18
131
208
273
480
302
-63
320
775
902
-114
137
306
511
570
674
766
833
862
881
863
771
597
562
507
669
1040
919
783
660
594
237
99
191
129
735
437
39
177
613
784
784
757
729
714
685
679
644
618
561
890
930
917
926
961
980
736
96
0
1
-16
-81
36
18
2
39
21
-88
11
12
14
45
79
32
-24
27
36
-49
8
-39
-29
32
-59
43
116
-113
-161
-107
205
-167
-11
-36
6
-3
-32
11
12
10
24
3
31
-41
3
-7
-31
51
56
3
9
-16
42
-59
6
-15
-284
155
-120
22
151
-91
-1
9
1
3
-2
2
-7
11
5
-56
21
2
-3
4
3
3
-942
82
254
211
159
59
525
866
880
888
817
388
232
445
496
364
325
336
215
296
494
533
183
115
14
175
237
355
191
-34
265
599
907
-25
18
185
289
482
558
624
739
780
806
833
829
670
532
592
513
623
953
957
713
640
519
59
97
201
80
593
570
-58
401
687
794
758
716
705
705
696
681
638
557
765
949
921
933
971
972
975
748
106
3
10
-44
-32
52
9
1
34
4
-72
-36
-16
48
-51
11
-5
33
1
103
232
-14
-18
-13
18
41
13
-69
-106
135
147
63
20
-77
20
33
16
2
5
1
-6
-1
9
18
-61
0
31
-55
36
12
-81
33
7
31
-30
46
15
-246
100
-245
-193
90
66
7
-10
3
0
5
-2
-8
-16
-89
87
-2
-6
4
3
-1
2
-959
82
261
209
188
189
601
855
877
891
833
411
244
332
444
244
280
258
264
223
339
490
325
47
184
10
219
188
30
178
932
937
122
10
23
214
343
461
539
609
705
739
771
813
815
705
554
563
485
466
931
846
701
627
225
43
114
189
36
402
556
125
618
707
774
738
704
706
700
686
657
630
577
932
928
933
972
972
981
987
749
108
4
-2
-6
-33
32
8
3
23
1
-83
5
7
98
-23
22
-1
19
-41
182
237
-92
42
42
-38
38
26
-60
-87
8
1
-129
-12
-77
37
29
6
-8
-2
5
2
0
-1
8
-16
-15
48
-7
52
51
-58
0
107
-86
2
20
33
-162
106
-127
-162
-9
34
-4
-6
-1
6
2
-6
-2
-23
36
3
-5
3
1
-4
3
1
-960
81
243
211
187
268
729
849
866
897
850
409
206
310
481
235
233
254
220
224
384
433
590
191
327
145
125
388
533
392
635
145
76
161
38
249
388
481
515
600
671
677
728
793
814
780
710
670
811
887
957
823
669
491
51
72
173
198
136
122
530
299
673
757
742
725
703
699
684
678
651
597
669
951
927
969
978
969
991
995
755
104
2
-7
-39
-11
19
0
-2
26
14
-99
-12
1
115
-12
10
10
9
-54
17
-27
30
20
33
-29
-50
-5
-72
-57
199
-85
15
12
-101
60
1
-7
13
19
7
-11
23
13
11
7
-12
-54
9
40
20
-8
9
-117
-11
-9
11
-1
-42
207
-115
158
-24
6
2
-2
-8
-7
-2
3
6
-42
111
0
-2
4
-3
-4
-2
0
-969
72
221
199
188
266
728
855
864
889
857
415
186
336
461
238
251
201
202
205
231
249
446
563
234
165
548
948
506
411
94
82
120
172
26
315
369
479
538
575
646
651
652
707
729
739
744
761
891
925
931
707
685
108
89
121
206
203
128
97
624
543
674
756
741
721
695
693
673
677
634
535
790
935
963
979
976
978
990
1004
761
87
4
-2
-28
22
28
-1
5
21
46
-123
-8
18
85
-30
8
-21
0
25
30
-12
-9
-80
-95
-129
61
103
-75
85
-63
9
3
56
-153
-4
-6
-17
-9
8
11
-5
3
-8
3
0
9
6
6
14
29
-25
146
-7
9
27
0
26
-45
281
-14
24
18
-6
3
-7
1
-7
-11
11
7
-120
45
-5
12
-1
-3
-5
2
1
-976
59
172
189
182
271
740
865
881
905
853
449
307
342
432
252
145
184
160
324
353
322
389
399
407
675
1028
470
430
127
22
78
99
188
43
263
283
439
503
544
607
674
680
533
493
508
613
693
771
808
664
640
390
35
75
142
211
206
164
66
642
669
679
767
727
710
691
694
680
664
650
529
810
964
997
988
981
993
1003
1008
762
60
4
-1
-12
22
32
4
2
26
35
29
-14
44
50
-6
-32
-2
-83
12
-62
-60
-9
-52
-104
60
206
-99
53
-82
11
15
24
55
-117
-1
-23
5
22
6
3
5
9
2
4
35
-5
-26
48
-64
-39
87
-198
-12
-19
19
6
2
-40
-46
25
4
48
-1
7
-7
-6
2
4
-3
-2
-140
20
11
2
-4
-1
-2
1
2
-978
55
162
172
180
305
716
863
892
903
888
473
253
399
424
241
132
137
250
483
418
371
367
317
627
703
760
684
152
120
103
105
135
177
170
211
205
345
450
470
539
626
694
603
518
516
569
682
843
722
698
550
-15
99
86
95
220
216
175
127
623
682
726
746
727
730
706
694
677
655
613
529
871
1004
993
995
1004
1006
1002
993
746
54
2
-1
17
-18
23
2
1
19
110
52
-33
67
-73
2
-34
-6
-94
135
-10
14
-33
-21
-63
-98
-125
-62
-51
16
2
15
5
7
-21
6
-44
12
6
4
17
15
6
-11
-10
-18
-33
-18
56
-16
90
-130
-1
14
-1
5
36
-11
-21
-230
7
-15
8
7
2
12
0
-4
0
12
-11
-144
16
3
-2
1
-2
3
4
0
-956
55
119
92
196
329
639
856
901
906
861
404
206
445
260
238
58
174
203
471
553
477
337
475
497
666
1015
242
88
144
115
109
120
165
165
171
194
205
346
432
502
576
634
643
613
561
595
631
700
748
644
64
30
116
142
110
219
229
208
99
651
707
748
760
746
739
730
707
668
643
593
441
891
1020
1006
1008
1009
1002
975
980
743
52
4
-6
7
-44
14
21
1
29
68
-122
79
31
-24
32
-71
-1
-56
75
15
12
178
142
1
52
129
-91
6
13
0
-2
-8
8
3
11
-2
-8
3
5
-11
-6
6
7
-15
0
-17
-12
26
3
-93
-30
-33
-3
17
-26
48
-5
2
-275
60
4
4
3
-1
-5
2
-1
13
-7
-20
-198
40
-1
1
2
0
8
-3
0
-954
38
81
62
245
376
600
842
888
899
852
408
189
376
228
218
92
101
180
290
401
548
477
515
488
484
257
86
92
137
115
124
103
112
148
148
168
179
189
266
400
546
603
669
707
822
885
895
844
794
228
104
88
154
144
135
226
220
209
94
745
751
768
771
736
717
721
706
663
614
569
442
937
1020
998
1000
1007
999
983
988
807
18
-5
-72
-2
-3
18
19
1
28
37
-104
-7
28
4
-7
11
45
12
33
2
-10
2
107
33
179
-136
-11
-14
12
-4
13
-5
3
-11
3
-6
-1
-6
-25
4
12
-19
-1
-1
5
8
10
7
177
-36
-16
21
-1
-22
-26
9
3
24
-298
23
-19
16
6
2
4
6
-4
3
8
-41
-139
24
3
2
5
7
2
1
8
-1035
37
66
51
172
345
617
853
882
893
835
428
245
275
179
190
196
133
45
510
285
272
527
609
609
494
199
98
108
192
140
133
122
99
96
152
169
164
184
154
279
428
560
594
721
820
869
866
828
699
104
112
161
158
129
137
253
239
216
122
745
682
549
625
689
724
718
705
636
605
545
500
1042
1005
990
995
995
984
953
768
199
17
10
-9
2
18
39
14
0
33
33
-82
64
-34
6
2
51
19
-137
121
-71
5
8
17
11
120
-58
-8
-2
26
0
3
-9
-12
9
6
-8
-12
-1
3
25
-9
11
-10
11
-10
5
19
51
-16
-56
20
13
10
-11
-5
8
3
17
-271
58
-55
5
-6
5
-1
4
-3
-10
12
-24
147
6
-8
0
4
-4
34
-14
-38
-241
51
127
31
143
222
563
849
869
882
840
626
243
258
75
197
178
158
74
494
588
297
596
448
508
533
584
238
88
192
152
100
103
89
83
137
162
109
186
340
483
518
579
581
677
749
735
796
853
918
942
528
223
3
85
138
260
239
239
141
715
522
415
426
413
425
475
547
579
536
426
649
1020
976
982
978
1000
850
178
2
134
45
-5
-39
-10
-67
23
8
-1
9
-53
-69
67
-65
24
3
24
-17
-150
143
23
96
98
-43
29
-45
151
-61
0
18
-23
-10
-4
1
-26
2
16
-45
-47
27
-5
3
-3
-28
3
4
-29
-4
-15
19
121
-101
-30
-25
-13
7
4
6
-3
-264
127
-25
-15
0
-5
-1
2
10
20
15
-52
163
5
2
3
-5
91
17
-51
-24
-149
183
520
219
178
150
367
842
864
868
852
561
285
79
14
115
162
200
251
118
411
501
491
313
455
529
530
308
195
148
135
161
83
117
115
125
169
136
151
379
479
509
541
614
646
656
666
774
895
938
944
1027
1067
912
237
29
249
211
216
172
606
666
631
581
517
475
393
374
295
377
360
564
1008
974
974
1015
648
117
190
226
211
309
-26
-10
-7
-91
36
10
-3
5
-34
-19
73
-21
-35
107
-8
25
10
-71
9
23
-122
-32
7
21
39
20
10
-12
12
2
-14
24
-6
6
14
-16
3
11
-8
-1
8
13
4
-5
-15
5
3
0
-20
25
-26
134
-36
87
7
12
1
-146
30
-14
-2
-15
-8
-13
2
37
-17
7
-75
205
3
5
-16
53
-141
-25
-8
22
-236
169
747
682
299
130
368
844
873
869
841
714
345
22
38
170
182
223
221
196
171
236
182
255
481
659
571
291
316
140
122
187
143
130
172
152
198
203
133
407
456
514
589
641
653
631
728
824
875
913
929
941
969
993
1117
790
45
202
200
246
669
697
676
662
636
609
554
474
425
452
369
789
1007
1001
1017
542
106
274
255
311
209
280
50
24
-29
-102
46
11
2
14
45
67
-71
-5
17
-1
-24
2
3
-18
41
11
15
20
-55
107
-13
-21
37
-8
27
-6
-7
13
-10
7
2
-42
-39
7
-3
-7
6
6
-4
-11
22
4
6
3
-4
-2
-2
-24
14
-151
58
9
1
203
40
11
-8
5
2
8
-13
-6
-11
10
-226
61
-1
14
203
-78
68
-7
9
-11
-245
32
482
811
712
152
367
867
893
893
842
733
287
0
84
154
104
111
190
73
145
234
243
225
400
535
625
533
273
253
61
198
125
128
165
145
202
352
182
373
488
589
608
637
641
685
728
807
843
878
905
920
941
977
1006
1067
853
35
146
210
700
676
669
654
648
631
597
556
495
475
558
964
1001
1000
851
194
284
314
390
321
248
6
18
76
25
-100
81
20
-1
19
44
73
-123
0
17
8
-13
-33
-25
-73
37
13
0
-32
-42
-56
-17
-150
166
-82
53
24
-3
9
-3
-13
74
3
-70
12
15
3
0
-1
-7
1
5
4
0
0
-3
6
-6
-5
-7
155
-247
-31
-49
144
-9
4
-6
3
-4
10
22
14
0
-17
-24
17
3
33
-145
1
-8
5
26
-2
-294
-10
169
880
881
96
332
861
896
896
849
639
146
33
118
73
46
201
183
62
117
216
229
348
333
294
817
351
190
511
-52
197
103
110
151
132
226
415
185
354
543
584
612
622
628
685
703
779
822
858
892
912
937
968
1004
1016
1119
480
-55
207
731
682
673
636
624
594
585
528
434
762
945
1000
1003
1024
403
269
334
405
315
291
295
-77
42
5
99
-121
74
21
0
23
-21
58
-20
-32
-20
-25
-80
15
-67
-30
33
2
-17
29
-54
11
-16
-196
135
-253
0
-9
-29
21
6
-41
56
43
-97
-16
-18
-10
5
3
-10
2
4
-5
1
-3
0
1
-2
3
1
-2
364
-283
-71
102
-21
2
15
4
5
-5
9
-5
-108
30
10
4
-5
194
-54
-15
8
17
-26
15
-350
23
44
814
904
141
294
862
895
896
854
551
134
114
45
56
84
313
80
146
96
63
156
258
420
428
781
545
688
452
75
161
160
123
123
144
364
478
256
383
566
606
612
600
603
662
681
741
798
839
876
910
931
965
1004
1014
1010
1087
-56
454
685
679
655
624
606
580
550
457
589
1040
973
1008
1022
734
269
286
393
383
285
373
271
-11
-19
27
132
-86
54
14
0
24
31
-84
-5
-32
-2
-22
13
87
-29
23
-65
-36
-27
59
-52
142
57
-60
116
-238
-24
-22
-4
-26
-10
-32
62
51
-72
44
10
4
-3
-4
-24
8
-17
-3
11
-9
4
1
-2
4
0
-1
-35
8
-254
26
1
-3
-4
0
12
5
-21
-49
196
-9
-4
6
93
-167
-17
-13
12
-48
-9
8
-321
28
14
766
916
275
278
862
886
892
846
611
155
71
41
90
117
236
104
134
67
63
178
186
305
541
652
379
359
241
188
239
182
126
120
234
519
482
243
442
566
613
623
609
590
623
669
707
788
817
857
895
930
955
991
1009
1017
1126
323
481
672
657
628
611
604
592
533
442
846
993
975
1013
926
415
372
310
371
284
330
365
227
-1
-63
52
120
2
101
19
-4
12
13
-65
3
-12
-8
0
36
54
-27
25
-43
-16
-36
-130
-20
48
66
64
84
-22
-12
35
-3
-31
10
29
-6
-105
-35
35
-7
2
0
-1
-5
-4
-10
11
-6
-3
-4
-2
-3
-3
3
1
1
428
-178
-10
6
-3
-1
-5
9
13
-15
-171
49
-4
17
22
-57
10
-29
5
20
2
37
-16
-270
29
-7
628
922
344
261
853
880
885
844
733
174
40
67
108
71
162
162
122
107
91
189
152
248
430
413
430
386
92
120
149
140
66
177
386
513
450
217
546
615
636
637
621
594
603
638
679
740
792
835
870
908
943
976
1000
1015
1011
1012
514
655
664
661
655
626
601
561
545
635
945
968
1024
684
381
335
329
270
307
345
279
233
0
-150
107
191
-25
72
19
-1
17
-1
-13
-1
-4
28
8
-43
7
-19
14
-11
16
4
-7
4
17
-75
36
-101
-17
1
1
8
-5
-34
34
22
-113
-14
0
12
7
7
-5
5
-8
10
0
5
-5
4
5
2
3
0
1
0
-26
-207
4
22
1
1
-3
2
8
-6
6
45
-4
14
106
-138
11
-7
18
-26
23
-17
-3
-273
29
-14
525
919
439
232
813
880
883
856
575
320
31
90
54
83
183
180
132
74
91
173
279
357
138
185
292
421
86
89
65
30
91
274
452
494
233
404
594
623
656
649
641
605
591
615
673
703
761
805
846
892
933
956
998
1013
1017
1063
567
254
304
425
526
604
609
637
629
567
655
1020
995
471
303
276
257
273
333
296
304
224
0
-174
149
131
-93
49
29
3
18
35
-28
-7
-24
12
-24
37
-4
32
-22
-4
-9
-21
43
-83
129
93
24
-87
-27
-10
2
-29
14
40
-15
70
-67
69
6
-7
15
-1
1
-2
4
9
2
-3
-4
5
-5
-4
0
-2
3
0
0
177
-14
-31
4
6
15
4
7
-8
-18
-62
106
15
85
-4
-15
7
-22
18
3
-8
10
-257
23
16
452
963
612
172
792
880
883
881
564
241
103
58
92
129
119
196
171
89
104
134
243
527
428
281
217
76
77
43
35
37
227
429
479
273
225
573
588
626
656
657
655
624
598
598
622
686
723
778
831
860
911
945
980
1009
1016
1046
780
199
265
217
192
173
169
371
755
731
880
1042
718
206
216
231
280
286
279
314
325
152
-10
-76
201
128
-208
29
37
0
7
40
2
-41
-21
-13
31
62
39
6
2
-48
10
-23
6
-4
-39
71
52
9
13
-1
0
31
-34
-7
56
-86
4
-8
-5
5
4
-2
6
5
-15
-4
-4
-7
9
1
5
11
-1
3
10
-1
-1
107
-246
30
-2
9
-11
4
-33
22
70
-76
36
133
-105
-15
2
-5
-3
-1
-11
29
24
-157
79
280
480
964
741
229
790
875
886
884
569
229
65
88
94
123
110
165
179
135
63
130
109
158
494
426
240
38
38
32
26
182
368
462
243
195
510
580
604
617
621
652
655
647
607
605
612
631
679
743
791
842
885
928
960
999
1013
1015
982
254
379
351
258
214
73
58
831
918
979
843
140
184
195
278
322
239
256
389
280
142
102
-45
159
63
-244
-36
23
-5
-4
32
-16
-45
12
-14
21
22
17
-6
5
-42
35
16
-8
-2
39
36
-91
7
-1
1
-21
-30
32
49
-44
29
16
0
4
-2
-5
-1
3
-5
-10
-1
-5
7
-22
12
9
-5
-7
0
-8
-1
0
-6
-200
-10
1
-6
14
37
-80
-278
30
-23
91
-65
-22
10
-15
17
-31
-4
8
41
-32
-162
78
325
563
927
797
349
727
889
898
904
455
108
38
136
117
115
57
196
216
206
59
166
176
200
252
484
79
38
33
25
106
233
257
274
321
484
524
570
608
610
624
639
652
680
651
636
628
625
648
675
774
826
863
901
940
976
1009
1016
1116
402
305
362
332
287
247
238
789
965
453
163
188
197
293
319
204
218
399
378
216
140
99
-5
91
27
-209
-119
46
4
13
117
48
-40
15
-12
12
12
-35
-7
6
-34
5
9
7
32
45
-41
-23
-1
1
-16
36
15
-2
1
-14
-2
-7
-11
-1
-2
-1
-9
1
14
-7
-6
0
-16
-3
-12
10
0
7
2
2
4
3
1
405
-45
14
7
-5
-14
-25
-190
45
64
-5
-21
10
-23
40
-7
-16
-13
34
-9
-17
-154
47
202
294
887
810
384
683
905
903
934
333
79
88
132
160
149
87
203
190
447
110
222
182
232
342
391
99
29
31
67
174
253
356
440
498
516
512
554
592
601
621
645
657
691
695
668
651
626
647
689
727
797
835
889
922
948
986
1014
1014
899
146
318
381
372
411
427
379
351
247
248
218
299
290
190
180
380
429
334
166
129
38
-16
-12
30
-152
-129
62
0
8
214
42
-8
-3
8
-3
10
-20
5
-41
158
-98
28
-28
-38
27
-43
-41
2
-21
0
-4
-26
-3
-15
1
1
-3
3
13
-9
12
6
9
1
3
-3
-12
1
9
8
12
-1
-4
4
-3
-3
5
0
1
-432
-14
10
-2
-9
-8
25
85
-78
-4
-5
-16
14
-18
-3
-16
31
29
-30
5
-133
27
114
159
723
758
362
532
680
684
678
203
93
87
122
135
146
84
128
126
255
256
198
123
156
167
192
176
11
65
176
281
332
343
365
380
393
402
405
443
453
458
472
487
516
523
528
528
523
528
540
558
592
633
654
691
705
729
756
765
776
203
214
281
328
345
326
315
310
316
235
220
211
165
157
294
366
279
126
114
90
-3
-2
30
9
137
-96
42
3
1
4
-14
-6
-16
3
7
-4
-8
-2
-26
102
-25
38
-19
21
-33
15
-75
-12
15
-15
7
-3
-5
7
-1
-4
3
14
5
5
1
0
-5
1
-5
-5
-8
-4
-8
-1
-9
-4
2
9
1
2
6
3
2
47
-8
-5
1
9
3
-4
-7
9
18
-4
6
-2
-7
-42
46
-5
-16
-7
2
-81
111
461
369
365
368
369
370
422
432
358
178
175
180
177
186
189
185
202
211
225
254
268
267
251
260
265
274
275
274
274
274
268
283
276
221
270
265
257
271
258
271
265
247
262
255
253
263
255
231
200
178
312
384
382
325
341
358
363
322
325
340
376
374
456
494
510
260
136
217
211
215
233
227
225
229
229
225
220
198
246
221
-18
1
8
-14
11
9
-10
20
8
25
3
3
-5
2
-8
-2
-8
7
-7
6
0
3
-5
0
13
2
0
0
0
-2
-6
8
-30
-13
13
3
-1
7
-2
2
-7
-6
3
-13
-3
3
-12
4
2
-30
7
3
-7
12
1
3
2
3
-8
-5
6
-59
13
6
66
-120
7
2
0
15
0
-7
7
-7
-11
-4
5
-57
-347
-1
4
-6
-3
2
-21
11
-2
5
-25
-4
-14
-6
-5
1
-12
0
0
12
4
-2
-12
0
-3
0
1
5
-5
1
1
-1
-5
0
2
6
-9
4
-2
-5
-5
0
-11
-10
-6
0
2
2
6
-10
6
2
-8
5
0
14
4
9
7
2
4
-8
-3
-2
-27
18
-4
87
-127
15
0
5
-6
-2
2
-11
-16
2
33
98
-63
-3
-6
6
3
7
16
0
-9
16
16
-2
-10
-5
-2
3
-6
0
-1
18
0
-6
7
-10
0
0
3
0
-4
-9
-2
-2
-2
0
7
-3
3
-7
-2
-4
-2
2
8
3
-3
0
7
3
-4
-4
4
14
65
4
12
-2
-2
11
5
-5
-7
0
11
3
-115
-19
-19
236
99
-1
4
5
-7
0
6
-1
-21
-5
82
-118
45
-3
-4
4
7
-11
11
2
-1
-13
-9
0
3
6
0
0
0
-4
-2
10
-7
18
1
-5
4
-5
-1
-4
6
0
4
-3
-8
14
17
13
4
4
-8
14
3
-1
-2
-5
0
-8
2
3
5
-6
10
2
1
-27
-5
6
10
6
1
6
5
6
0
-4
-3
-18
27
-1
55
-62
8
1
6
-5
0
-9
4
133
-79
-39
9
-6
-9
0
1
-8
-7
-12
-1
-18
-1
3
-11
-4
4
-4
2
-1
-5
2
-15
-16
-6
10
3
-2
-2
5
2
-1
-2
-10
-4
6
5
-10
-5
-6
-3
-11
5
5
0
3
-3
-2
13
-2
-6
2
-4
-2
15
17
-13
0
3
3
2
-1
-5
4
-2
9
21
33
1
-6
121
46
12
3
0
-2
5
-14
-60
47
7
4
-11
0
5
4
-3
20
-1
14
-9
-9
4
1
5
-4
5
2
-1
3
-2
3
1
-4
9
2
5
-4
1
-8
6
-3
-9
3
6
-10
-4
-11
3
8
-12
-6
-9
-3
9
-5
7
5
2
3
1
4
-2
0
3
-1
9
7
6
-5
5
7
-6
5
8
11
1
8
-46
45
-9
51
-73
4
2
-3
-9
-1
102
-101
-2
-3
2
-1
-5
-1
-3
-6
-8
-22
4
-23
0
0
17
-2
6
3
7
4
-3
6
1
-19
-12
-6
0
9
-7
-4
8
17
-5
-2
-4
4
-6
-4
4
-6
9
-6
7
-2
-1
7
-6
2
5
6
-2
0
10
3
-1
-5
31
4
0
-5
-1
6
-7
0
3
-10
-8
38
130
2
-39
-290
-1
-5
-7
-4
10
-13
-142
18
-2
-8
-6
-3
0
0
10
17
21
-10
-2
-7
-9
-2
-8
-1
3
-3
-4
-2
-6
1
-3
-4
4
10
-2
1
8
-14
-4
-10
2
-10
-3
4
-2
-15
0
-11
-3
-12
9
4
-2
7
-9
-14
-2
-1
4
-6
4
1
-1
9
6
-10
8
11
7
3
-1
6
10
7
22
12
-34
1
13
-13
112
-78
-6
5
66
-17
-79
3
15
1
-4
-6
-12
-2
-1
17
-9
3
6
-4
7
-1
-1
-4
3
0
0
7
5
-4
-6
7
10
6
10
-5
-10
3
-2
0
6
-3
-8
4
3
9
-9
2
3
18
-4
-2
-3
6
-19
14
-2
-3
-7
0
-6
1
-15
13
9
34
4
10
-6
-3
-9
3
-8
9
-1
1
-30
11
-5
-55
-244
10
3
4
129
-136
21
37
-2
4
7
-2
-4
-2
6
3
-3
-3
4
-10
17
7
9
-6
1
1
6
-2
0
6
-3
-5
-2
-6
5
6
5
15
-2
-8
-18
-21
-76
-27
2
50
192
205
219
-81
-216
-51
-21
14
0
13
3
-10
10
6
-6
0
1
-12
2
-5
-11
3
3
-9
-1
6
10
-11
-3
-7
1
-38
31
-1
53
-87
2
84
-63
-18
-11
5
8
-8
-3
-4
-12
22
15
-1
-16
6
13
2
9
2
5
5
0
2
4
0
4
-3
-6
5
4
-6
1
0
-6
-10
0
9
-12
6
13
-12
-6
42
-3
3
44
-36
-59
8
1
5
-4
14
-1
1
3
1
1
1
5
3
1
-10
-31
-10
-7
-3
-3
-3
1
7
-5
3
0
-152
-22
-13
141
68
-25
123
-41
-12
20
-2
6
-14
0
-3
-11
16
33
7
-29
12
-3
0
-4
-6
1
7
-2
-11
5
15
0
7
-9
7
-2
4
12
11
1
10
5
4
-5
9
62
13
14
14
16
4
-3
5
-9
170
107
-242
15
51
13
6
4
1
1
6
-6
-5
12
-4
-5
9
2
-1
-6
-6
0
-10
-9
-17
-7
5
-47
31
-3
87
88
-66
6
-11
0
-2
2
-4
-4
-7
6
3
4
73
24
5
3
-6
-10
3
-4
-4
-2
8
-5
-7
-2
-6
-11
3
7
8
-5
0
0
-9
3
12
21
-6
18
-11
22
-2
8
-4
-9
2
-70
62
-200
101
30
7
19
-8
3
3
-2
-6
-4
-4
3
6
-3
0
10
12
-4
-4
7
0
10
0
7
28
-8
-2
-21
204
87
47
-2
12
-10
-2
-15
-2
5
4
7
26
-3
-23
18
4
0
-5
14
-4
-6
-2
-10
4
-8
5
-5
-1
1
-5
4
-4
-9
-7
25
25
7
-16
-25
-2
-6
-20
10
-5
-8
-6
2
1
0
0
-1
64
153
-256
25
32
11
-5
10
-3
-4
0
-3
0
-2
5
10
11
-4
-13
-1
0
-7
-4
-8
-18
-10
-67
55
178
-77
25
-9
12
12
2
10
0
5
8
22
22
-6
18
0
-1
-2
2
-6
0
-15
-6
3
-4
-10
2
3
-6
4
-4
0
-3
-14
-24
3
-26
3
-2
22
-17
11
53
7
-10
-11
2
2
6
2
-3
-15
124
-219
107
11
5
-9
11
-3
-4
1
-4
-5
-6
-7
6
14
-2
2
-6
0
-3
-1
0
-11
0
24
62
-31
426
104
6
29
-6
-16
3
-6
3
-6
8
8
24
-36
-13
-4
3
-3
-7
7
-6
8
-4
8
11
-1
-7
-3
6
-1
-9
-1
-1
-7
3
-13
-6
-8
-13
7
7
-3
4
-6
-35
2
7
-2
-2
2
-1
4
3
-9
101
-79
-280
34
-2
11
5
2
3
5
-15
13
-17
3
26
3
2
1
6
0
-1
10
-7
3
-7
119
-350
42
10
1
11
-25
25
12
24
-42
15
9
-8
-7
12
4
7
8
3
1
7
3
-9
-15
-9
5
5
3
-2
0
0
-4
-2
-8
-34
-5
3
16
1
-2
-9
-2
-1
-13
-4
14
-3
-1
3
0
2
2
-1
-17
280
-100
148
-3
-1
-7
-2
5
9
15
0
-28
23
21
15
7
0
3
-3
0
-6
-3
-3
-1
-58
-2
198
-13
13
-9
-21
-11
-6
-17
55
76
11
40
-52
8
0
4
-2
1
7
11
-6
3
0
-5
6
-4
-1
-3
3
0
0
-2
-5
18
-10
0
-8
9
-2
-10
14
-3
2
-37
-6
-9
9
4
4
3
0
-24
-15
29
12
0
135
-207
38
18
3
6
7
3
1
-2
17
-33
-24
38
11
-6
-2
-2
-7
-2
3
-29
151
-148
3
-16
16
1
14
19
-37
19
-84
12
22
17
28
4
-8
4
2
2
5
-4
5
-1
3
-6
-7
8
-3
0
-3
-11
-7
-2
0
54
15
-3
5
12
10
-2
-6
11
-1
-14
-5
-5
-2
1
5
4
13
-3
21
-3
-5
-14
456
145
8
3
4
13
12
0
0
-8
9
89
51
33
-3
3
-12
3
-9
-3
-11
-97
-126
65
-17
0
-5
-15
20
-11
-25
-9
-200
-82
7
-38
-2
3
5
-5
-2
0
2
-3
1
0
-8
-4
1
2
-3
-2
8
1
0
3
14
-20
10
8
2
1
-10
-7
5
-3
28
9
-21
24
-4
2
-6
-13
22
10
3
8
8
4
0
145
-202
29
16
9
0
-11
-6
-13
-1
-4
19
-35
19
17
7
7
1
-3
-21
134
-104
-12
19
4
-4
2
0
-5
18
-82
83
10
14
2
-1
-4
-14
6
-1
0
8
-2
-1
1
2
-2
5
2
-3
8
1
0
0
12
29
9
4
4
7
0
-25
1
9
23
-2
2
8
-13
18
-6
-7
3
22
0
-2
1
-1
-1
-9
520
155
7
-8
-6
4
-12
13
12
4
-48
5
-1
7
4
0
3
3
10
-54
-21
40
-51
-6
22
5
0
1
33
45
-117
21
-5
-14
-9
6
-2
-3
-4
2
4
5
-9
3
-3
8
3
-14
2
0
-4
5
5
1
8
-5
3
0
10
5
-12
1
5
14
5
4
-6
-8
-19
-25
-15
19
9
5
-6
-19
-10
-7
3
-1
-1
79
138
-122
-4
12
4
0
3
-7
1
-19
-28
22
35
-1
15
-2
-4
102
-121
9
-7
-1
-8
-11
-10
9
18
-100
118
-22
2
-28
-1
5
1
5
3
4
1
-4
6
-3
8
7
5
5
5
-4
-2
-7
3
0
32
11
0
-2
5
16
6
24
2
25
-4
-14
4
8
-41
-5
33
-11
-1
2
-4
-4
-3
8
-1
-2
-9
270
-473
-2
1
-1
-8
6
5
-6
10
27
7
-14
-5
0
9
5
-16
177
89
-13
16
10
-1
6
3
11
48
2
-46
-42
-17
-1
4
-1
3
0
0
0
-2
3
9
3
-7
2
3
5
5
-4
4
0
6
-10
15
-7
0
3
4
-9
0
4
-2
11
1
27
-3
-60
-88
68
-2
1
-4
-2
-2
8
6
6
-4
6
0
1
-42
190
-150
11
-5
-2
2
8
-13
0
-4
-41
-49
-21
-122
-3
72
-82
10
-1
12
0
12
14
3
4
-120
106
-43
14
1
-2
-3
-2
-1
0
0
-3
14
-5
0
-5
0
4
3
0
1
1
-1
2
5
-20
-11
-3
2
-1
-1
22
-25
-11
10
-6
-5
9
23
-34
122
1
-5
0
5
5
0
-1
2
-1
-1
-1
-3
1
-171
-532
-9
0
6
9
-3
7
19
1
-19
45
-6
-33
51
-2
207
53
-7
14
4
-6
7
6
5
55
84
-49
-74
-10
-4
1
-3
-7
-6
-8
18
-7
4
0
5
14
9
-1
-7
-9
-2
10
0
5
-24
112
13
6
0
0
7
-6
14
-1
-21
5
34
-74
-130
198
-9
-5
0
-1
1
3
1
-12
7
1
1
-1
2
0
3
7
40
-13
17
-16
6
6
3
12
4
-101
-250
152
40
219
-131
-1
15
-4
18
-8
13
3
7
-102
95
-19
41
-4
1
2
-1
-5
-3
5
18
7
7
-10
-5
-2
-8
-4
8
-6
11
0
4
2
-52
56
1
0
3
-6
8
-15
-3
15
10
8
-66
-64
157
-57
-1
-2
-17
-6
4
3
8
-6
-9
-6
1
3
5
-4
4
17
-23
40
8
7
-6
2
-4
-7
26
-140
217
-61
73
146
14
-10
21
-7
-6
9
3
-12
-8
131
-23
-46
-19
5
1
0
-6
-3
-5
-3
-6
-1
1
6
-5
-5
-3
-7
-8
3
-3
-6
-4
-2
37
-17
0
9
8
-2
5
3
-21
-6
-22
5
-142
152
2
23
-4
-3
2
14
-1
-6
10
0
-4
5
4
1
10
0
4
-3
101
-90
-29
11
12
-4
1
-52
-335
395
-38
4
5
0
22
2
3
-1
4
3
-6
19
-89
102
-22
28
3
-2
6
0
8
3
19
2
-4
0
-1
9
2
1
2
1
-13
5
-2
7
-2
-3
152
18
4
1
-3
-2
2
7
1
8
-2
50
-2
-59
8
-9
-5
-6
2
-4
-1
10
5
4
-1
5
-1
5
6
12
1
1
397
46
4
-6
9
26
-22
45
316
-155
10
0
1
-6
43
11
-5
8
3
-18
17
34
33
-50
-65
-19
-5
0
-8
1
12
1
-4
3
-12
3
0
0
0
1
5
2
3
5
4
1
2
12
2
56
-31
-3
12
2
19
5
24
13
-47
6
80
32
-48
19
2
-2
-1
-2
-1
0
1
11
-2
0
0
5
2
2
-5
0
-6
91
-60
5
0
-48
-152
314
47
18
5
-10
-7
0
14
10
3
-3
-1
-11
-17
-103
99
-29
23
-5
-3
-3
1
2
3
-16
-2
-6
14
0
-2
2
-1
3
0
-4
0
0
-2
7
1
2
40
-100
0
6
9
-9
-11
-1
22
2
-59
163
12
-31
13
-10
3
-8
7
2
4
-8
-6
3
-4
3
-2
-18
2
6
3
1
-17
248
72
1
9
-51
-150
49
12
-4
8
5
1
1
57
9
3
6
12
17
12
-137
-79
-62
-21
2
0
2
0
5
5
6
-8
6
-3
-9
5
-1
-10
3
-2
2
6
-5
-5
1
-2
8
66
-39
-22
-5
12
-12
-1
-7
8
-77
52
8
6
-13
6
6
2
12
-6
-17
3
1
-9
4
6
-4
-6
-5
5
-5
1
-1
4
-13
24
-59
-76
105
6
16
5
-4
1
-1
1
-10
58
-1
8
10
-16
-5
-59
71
-19
21
-9
-5
-2
-7
-1
10
7
1
-14
-21
-17
-7
-3
-1
11
-1
1
7
-2
17
-4
10
-11
-26
-20
15
16
22
2
-11
-6
11
38
19
-29
10
3
16
-15
7
5
7
3
0
1
-4
-12
-2
1
-2
-11
2
1
1
3
0
7
0
83
2
72
-59
30
-7
-9
5
-2
0
1
-39
-42
13
-3
-3
-8
9
-149
-40
-35
-14
-4
-2
-6
-4
0
1
9
4
3
5
-6
2
4
7
-14
-3
-4
4
-3
3
-6
-1
0
-7
2
26
-7
-22
8
10
-7
-4
-24
52
18
-68
16
2
9
1
21
17
-7
10
1
5
-7
6
6
-7
1
7
18
-9
1
-4
-7
-5
-10
22
20
9
4
-6
-5
3
13
36
4
51
-207
10
-1
-14
18
-28
8
22
5
9
4
2
3
2
0
0
-2
-4
-6
-4
2
1
2
10
-3
-1
5
-10
-2
-4
-2
-2
-11
-5
-8
26
26
20
-1
3
6
14
119
17
-21
-49
-4
13
24
3
10
-2
-3
-5
0
-10
-1
2
-1
3
-5
-2
9
-7
3
0
0
3
-15
7
17
2
6
3
-4
2
49
3
-2
150
134
7
-12
-1
21
1
94
-6
24
9
5
3
-6
13
5
1
3
-8
-4
-9
11
-2
3
1
-1
-4
-4
1
6
1
-4
4
10
-7
-6
0
-7
-7
6
0
-47
21
44
2
-7
8
38
-19
-18
23
-16
10
8
2
-18
8
-10
-12
-4
5
8
-8
4
2
-7
-3
-10
9
18
5
-3
1
-4
-6
2
18
-27
1
-10
-48
-129
2
-5
-14
-4
-62
30
3
10
6
5
3
2
4
0
2
-6
6
-5
-16
-13
3
5
8
6
2
-4
-10
-2
-12
-2
-2
9
-1
6
66
34
4
5
6
-76
26
25
8
30
3
23
-3
-47
-23
-9
6
5
14
23
1
1
8
-2
-2
-5
-3
-2
-3
-11
6
-6
2
-8
0
-1
1
0
-2
-2
74
18
-5
12
-285
5
0
-20
-4
56
149
-2
17
4
0
0
-8
0
-2
0
-2
-2
-4
-12
4
-1
-1
-2
-1
-7
6
-1
1
2
2
0
-2
-4
5
-6
0
8
1
-21
-41
63
-4
7
-31
14
-11
-13
-18
1
54
13
35
-13
5
18
13
-5
8
6
0
-9
-10
-14
3
-22
11
-7
-2
-1
-2
-8
5
0
-2
-1
29
30
42
5
-119
2
5
15
11
-49
53
-19
3
-5
-2
-7
3
-4
-3
3
-5
-6
5
0
-2
-4
-1
3
4
-14
-6
6
-2
-9
-2
0
-9
-8
8
7
-49
-32
-33
-9
16
-33
16
-50
26
9
-40
-6
-27
-16
-9
20
-11
-61
-36
16
-8
1
3
-12
-5
-9
10
-11
5
-9
3
0
7
-3
-1
-5
4
-6
-6
-24
-52
79
-22
177
71
10
12
-1
28
-50
-29
7
3
-2
-6
-4
1
0
3
-1
2
-1
-1
13
-4
0
4
1
2
-23
5
-2
7
-4
-3
-1
-3
-4
20
16
0
-8
32
20
18
-1
-30
21
9
-20
-7
-20
7
13
34
-7
-160
35
-45
-58
-183
91
291
134
169
64
2
-47
13
14
2
-3
-3
1
7
2
-2
0
11
256
34
-200
-161
179
-79
-13
2
22
-30
53
-31
8
7
-4
2
0
-7
-8
-4
6
4
-9
8
-7
2
-2
-4
-1
9
22
0
-2
-14
-4
-4
0
-10
-6
74
-5
-22
-12
39
9
7
29
-30
5
-9
-16
19
18
-14
9
0
26
-154
91
-72
-51
-87
66
-19
64
-4
-1
26
-2
22
-4
1
1
2
-6
-6
-4
2
-11
-25
-69
-176
127
53
-281
-27
-3
8
4
-139
-43
-37
-10
-5
-11
2
-1
-7
0
6
-5
-2
-7
-17
-1
3
0
3
1
6
-7
2
3
4
-3
7
6
0
-4
-17
-9
0
-3
-28
-19
-8
-38
17
30
6
-3
-12
4
0
-13
1
10
-52
-47
-40
42
-61
-61
-3
-5
-121
-50
-13
17
14
6
4
2
-2
0
-3
-13
188
-65
-375
-108
-238
162
392
-234
39
16
3
12
-38
51
-29
11
-3
-5
-5
1
-3
5
-2
-1
-4
9
-3
-1
-1
3
-3
-8
-2
-4
1
-7
0
5
4
3
-2
3
-74
10
6
-19
50
19
24
-71
-35
11
-16
4
-20
15
-28
46
14
57
14
43
-34
-53
22
4
11
50
-193
-92
47
12
-3
0
-4
1
2
-2
-6
-65
101
-149
7
29
-54
-56
-117
82
-20
14
-9
19
149
17
33
-11
-3
0
-2
7
-1
-3
-5
0
3
0
-4
8
0
7
4
-1
-1
-11
6
-9
6
0
9
5
-8
7
0
-89
11
50
44
97
-30
55
17
-16
-1
-10
4
9
74
-39
-29
-58
12
-24
-32
62
14
-5
-21
-120
155
37
1
-1
6
-1
-4
0
-2
46
308
-237
7
-165
142
203
148
25
-120
13
-1
-2
1
-29
77
-7
2
0
2
6
-13
1
0
-11
1
-3
6
10
7
5
17
-5
-3
-4
10
-2
-7
-5
1
-5
-2
3
0
26
74
61
-19
66
-42
-49
-61
-38
-58
9
-13
-25
43
-56
-79
-29
3
17
-6
-16
118
-1
15
0
-51
77
-57
2
3
-7
4
0
-1
2
-6
133
-20
5
53
-113
67
-36
293
-398
-21
3
-9
22
3
-87
-59
8
0
3
6
0
2
0
2
0
3
6
2
5
3
2
-3
-4
3
-3
2
0
1
1
4
0
10
-4
0
-3
2
-14
13
5
11
12
37
-11
-2
11
-7
-9
13
-117
-81
-7
-3
-41
-11
20
-54
114
2
-52
9
57
59
-7
1
6
0
-6
1
-4
89
-164
20
-1
16
52
-36
404
-221
-12
18
2
-8
9
-15
23
-9
22
-7
1
-2
3
0
0
-3
3
-3
-2
4
3
5
8
-9
7
2
0
-4
5
0
3
2
-5
3
1
-14
14
8
-35
-21
21
17
-19
-15
-11
-6
-11
9
-3
56
-61
-8
-15
26
-5
-22
-49
-103
-44
12
-73
-194
-17
-32
0
4
3
5
4
2
-5
317
30
-5
13
141
-11
-155
297
41
-12
-8
-7
6
7
-32
-25
-34
-19
1
5
0
-2
0
1
-11
6
6
6
-1
4
0
-9
6
-6
1
-1
2
-9
-13
-4
1
-4
-5
-3
2
-3
-2
38
-215
38
26
57
13
-4
-2
11
48
42
18
37
-7
-41
11
-24
11
10
45
-35
-13
-2
15
1
-3
10
-3
0
0
-12
-6
-4
50
-59
-4
7
15
63
-85
-115
-9
27
-1
14
-11
6
9
3
-58
25
-2
-1
1
0
2
0
1
5
-8
3
-2
2
-1
-17
-12
9
6
-1
7
12
5
1
0
0
0
7
-2
5
0
124
134
16
99
9
-10
1
-6
1
15
111
26
-17
-10
-14
25
-7
-54
11
20
7
1
-42
-3
1
10
-5
3
0
7
8
0
-1
196
53
0
34
8
150
-209
36
3
-14
-9
-26
-1
-2
10
47
80
3
7
2
0
-2
-9
-9
-7
-6
-7
-5
2
3
2
3
8
-8
-6
2
2
6
2
2
-1
-7
0
-5
-2
9
-7
2
38
28
139
-28
-3
-11
32
42
7
-37
9
-58
21
39
7
10
10
12
-58
-63
-60
4
-6
4
-16
-6
7
-1
0
6
8
-6
-16
46
-62
22
-15
31
-20
3
-15
5
14
13
-4
-9
14
-26
-14
18
8
4
5
1
0
1
-5
9
1
1
5
0
8
4
-4
-28
6
2
-5
6
1
-1
5
-12
-3
0
9
14
4
-8
150
-92
-156
-2
-16
-7
17
68
-60
43
-25
19
-29
37
10
53
10
-7
-191
-9
95
-29
-4
18
5
-11
-1
-13
15
0
6
1
-36
-12
20
-7
63
10
5
-11
16
3
29
-2
29
-71
-22
-82
-51
0
-7
-3
-9
-1
0
3
-2
0
5
0
-2
-1
0
10
19
-13
-3
-2
1
-2
13
0
1
9
-1
0
-1
-9
3
5
-54
218
29
-15
-32
20
63
-106
52
-19
-27
19
-19
-21
6
31
34
-137
9
89
61
11
7
11
6
-14
-5
0
7
-2
2
6
4
8
7
-32
20
120
4
22
0
4
-1
-2
0
-38
10
2
7
-17
-40
-30
16
45
16
-3
0
6
2
5
-4
-2
0
6
-10
-2
0
2
0
-8
-7
-3
-13
-2
-8
7
8
3
7
-10
-191
118
-5
-10
13
43
4
78
73
-27
10
15
-12
-31
-24
-14
-49
-244
-170
74
4
-17
0
-14
5
13
-7
-2
-2
-4
-1
-1
4
15
-26
-59
172
-60
13
1
6
-3
-13
3
19
70
-5
4
-6
9
-9
9
18
-12
0
-14
-18
-4
3
-5
3
8
1
0
14
-11
10
-1
-2
1
-1
6
2
1
3
-3
-1
6
2
-4
-13
-20
-13
-3
11
76
5
-20
6
16
25
10
9
-5
33
66
-6
69
17
1
9
-1
14
11
-12
-7
5
7
2
1
4
4
0
13
0
1
-25
-25
2
-8
3
14
-9
-2
-47
52
-37
11
1
21
23
-20
-22
-19
-46
-41
24
18
4
3
6
14
7
-9
-4
-1
-3
-1
1
2
4
-3
12
7
4
12
13
2
3
3
7
3
-26
25
-55
-61
19
-38
-9
-22
22
16
5
-27
6
-43
-53
-30
-19
-11
11
-17
-1
-10
4
-5
3
3
9
2
-8
-1
-6
4
39
8
22
11
-5
-11
-2
-4
-8
2
-125
-32
-7
-7
9
-3
-13
-2
-15
-18
-9
9
2
-2
-6
-5
-5
-8
-1
1
2
1
-3
2
-2
0
-4
0
-1
-1
3
6
5
2
1
-11
-37
97
9
27
19
1
18
-23
38
-16
-2
2
18
-18
1
-25
-85
56
-8
-1
-10
106
-110
15
191
64
-3
1
1
2
-2
6
8
22
105
-15
-28
135
-49
5
4
11
-6
1
4
25
-13
2
0
3
11
11
10
18
-3
-25
-27
-3
-29
-21
-11
-4
14
4
-8
9
2
-3
5
-1
2
-4
8
4
7
6
2
3
-1
-6
-29
65
17
72
-22
20
12
27
38
19
3
51
22
-3
6
-55
-134
-41
-4
0
-41
76
-43
40
67
-23
-1
-3
-4
5
-3
-6
1
29
-58
-3
-87
-19
18
-3
-3
-5
3
-6
68
-1
6
1
2
-9
2
3
-16
13
9
-5
-6
-8
-11
25
-3
5
11
8
-2
8
3
2
1
-4
-6
0
8
-1
-1
7
7
0
-46
35
52
-68
-34
-47
-55
31
-36
-7
-16
4
-21
-5
-19
117
-18
-73
79
-15
11
119
28
-59
46
-60
-42
-151
-53
40
-3
-1
-15
111
-99
-280
-22
10
17
-22
17
-9
0
11
0
-8
-6
-15
13
-2
-2
-2
4
-2
-2
2
-2
10
18
24
-10
-3
-6
7
1
-5
8
2
-2
-1
5
20
5
3
-12
-10
-1
9
3
2
-91
-21
110
-3
-7
-13
14
64
50
12
-6
64
-26
-8
35
67
-80
-74
-36
-13
-29
243
-79
44
9
0
32
-126
77
-2
1
-4
-44
164
-13
-24
-21
-33
-3
-43
-36
-2
14
3
-6
-40
48
-9
-3
-2
6
8
4
4
-15
-3
-6
-6
-18
15
-5
2
-8
1
-5
-5
-2
-7
3
1
0
2
-1
-6
3
-9
-6
4
-2
-81
39
-11
123
97
77
-51
-44
30
29
-61
37
-50
-55
102
-4
-70
42
46
6
-21
186
-293
-46
-77
-32
-248
-63
64
0
-24
-8
-30
158
-261
23
-26
-21
15
12
-7
-10
5
-3
-10
5
-24
-28
-31
9
-2
-5
0
-8
5
2
3
-9
-14
3
17
36
4
-17
21
11
-8
19
7
3
0
-2
12
-1
-4
-6
4
4
8
51
-74
-36
-64
28
-126
-79
-18
-27
-3
-28
0
-29
61
27
-39
10
-232
-56
-15
8
-138
-177
72
-11
1
156
-137
-31
-37
26
10
3
-89
35
-18
-76
12
11
-14
24
4
-17
-9
-34
-8
7
-27
-9
35
3
5
-3
-3
-5
-2
6
7
9
13
-14
-5
-2
-5
-3
-7
-17
-1
-10
-2
-3
-1
-2
-6
-4
-4
-3
-9
-5
-3
-93
76
29
154
-99
-44
32
-7
-20
1
-14
-5
12
7
3
-1
-9
-63
58
-12
9
96
-120
-134
-6
-71
188
164
82
-42
-29
-13
10
-15
-218
-75
230
275
-69
8
8
3
55
-19
23
4
-25
-10
7
-10
2
-5
-1
-1
-9
-1
4
-1
-11
5
1
-10
-46
-97
-6
-1
8
-5
7
-16
2
7
8
3
1
-8
18
-6
-20
8
-265
-97
-110
-107
29
35
2
4
22
91
-40
18
6
-2
2
22
-55
-151
-62
-23
-9
-325
-59
43
-31
-157
200
14
-102
-2
-13
-3
-2
-59
143
-161
-79
-102
-7
-6
-1
32
-46
10
-7
-3
-2
42
-13
-2
3
-5
1
-2
-3
-3
-3
6
6
13
10
31
-6
129
2
6
13
0
1
-2
6
0
0
1
4
-1
6
2
7
-100
79
217
-189
-60
-16
63
61
25
6
-54
75
-5
-6
5
23
19
-116
43
35
115
-106
-18
21
65
72
15
-8
-72
-29
-1
15
2
12
3
-8
34
16
5
-16
14
-5
10
19
9
1
3
-20
46
-33
11
-12
-13
-10
0
-11
20
-4
7
-9
0
-90
-19
107
19
3
5
-3
0
5
-15
1
0
5
-4
-4
4
16
3
20
5
47
110
-165
7
-4
-50
-11
-16
35
32
-103
-10
0
5
1
88
146
98
3
362
-36
51
9
156
7
45
-90
-14
-63
-4
-1
24
-3
16
32
-19
34
36
26
15
1
9
-33
24
1
-12
43
12
42
1
1
-1
5
-6
9
-3
-5
-3
0
38
-58
46
-8
-27
13
-11
-2
4
-8
-18
5
-1
0
3
-1
-3
-6
-7
-24
129
174
-14
-9
-16
-1
57
19
2
60
28
114
0
3
0
3
-12
-51
-28
118
-135
17
16
35
12
70
60
95
5
-11
-16
3
-7
17
-2
35
-28
5
31
1
3
-25
-2
-9
21
-13
7
-47
13
16
0
-5
-4
-1
-3
-1
1
5
9
-43
-5
76
-1
-1
0
27
18
10
-2
-21
-2
-4
-2
-2
-2
-2
4
4
-13
-23
30
-52
-28
21
-21
-10
-10
17
56
42
145
-43
-12
-17
-3
13
49
-152
0
469
93
24
37
0
40
3
-7
36
-14
10
2
-3
-11
-3
-14
3
-32
4
12
21
6
-9
31
-41
-7
17
28
86
-38
-18
-8
-13
-6
3
3
-3
-10
-4
2
-114
81
-15
-1
2
2
7
2
5
-6
1
-6
9
1
4
5
-1
3
-7
19
51
-68
30
8
5
46
27
-34
-1
7
5
-51
-6
6
-18
6
-61
59
42
145
-152
20
18
0
-17
32
10
-1
2
-4
2
13
18
2
19
-2
0
19
-9
21
16
2
-11
-2
36
13
-13
-31
2
-3
11
-6
1
4
2
-6
3
2
-9
-42
28
9
2
-2
-5
-1
13
4
-2
3
0
8
4
2
-2
3
3
-4
-5
22
56
80
-13
4
86
8
76
0
-3
3
3
-2
-16
-68
-4
-1
-223
-141
-29
597
163
21
-3
29
43
-1
-3
-1
3
-3
-23
31
1
-12
8
14
-1
5
-4
29
6
3
-22
-74
145
10
6
-60
-23
23
1
-4
8
12
-4
-1
-12
-6
-10
-143
4
-4
-3
4
-6
0
-1
-6
-2
-1
7
1
-2
-7
2
-4
2
13
-9
-13
-18
-55
67
6
13
58
-134
23
15
11
-12
-42
-62
119
142
-19
-79
-18
202
-205
16
24
6
0
-7
-8
4
24
-5
4
8
-1
-7
-7
31
-10
1
-11
15
3
12
-11
10
-11
1
-48
36
3
-12
45
1
1
5
-3
0
-1
0
0
-14
11
13
-3
-7
-9
9
0
-3
0
1
3
12
5
5
5
-3
3
5
11
-13
13
3
32
-45
25
51
20
49
-1
2
-3
-26
-22
-82
-144
-108
50
128
164
582
216
6
1
2
-17
-4
-19
-1
-6
-12
-7
24
38
-14
-8
-41
2
19
10
2
-6
23
2
-24
-31
36
53
-2
6
-34
-38
-6
11
-14
4
-4
0
-1
-14
-63
27
-5
0
-3
-2
-2
1
3
1
3
-7
15
0
4
-2
4
-8
-3
-48
23
51
31
-48
4
-32
76
25
-29
-22
-10
-21
4
16
17
-48
14
-59
6
66
-245
25
-6
-14
12
-2
8
-9
12
-9
-16
12
-4
0
-10
4
-6
-12
32
2
17
-2
31
7
4
15
35
25
-15
-14
4
-6
10
2
0
-3
-2
7
-3
10
-50
35
-1
-3
2
7
2
-1
6
2
3
12
-8
-4
-1
3
1
5
-14
-54
-46
-22
-100
-19
-18
-15
-23
24
-141
-26
-3
-68
-24
-43
-8
16
46
79
-107
240
100
-2
-15
-8
-17
-9
29
-12
5
-5
-10
23
22
-1
-7
21
-20
-9
22
-1
3
-37
-31
14
-7
-20
-54
-48
-14
66
13
-1
-6
-4
3
9
-2
-4
-12
34
91
-7
0
-6
4
3
4
3
2
0
1
3
23
-47
6
3
4
-9
3
-1
-9
-17
-18
18
-12
-6
-59
2
-17
-55
-16
-52
-42
7
-19
-85
-105
221
183
4
-76
3
-8
-22
-10
5
-6
1
6
-4
1
-2
-15
-17
6
14
-57
-2
26
-22
-7
51
-31
-3
-2
-17
73
91
-45
49
-11
4
2
3
-3
2
1
10
4
-19
24
-3
-7
4
3
-4
-3
1
4
3
1
18
-38
13
1
1
3
-8
-2
-5
34
2
5
33
26
27
-72
19
61
-17
110
-47
66
-39
17
98
-145
-31
-6
-269
-1
2
-3
7
4
-4
0
-12
9
11
-1
7
-31
-3
-5
14
-32
-43
-40
-29
-61
-82
-4
12
-6
-48
-41
2
-79
-18
7
-18
-1
-8
-2
-9
-6
-3
-8
-37
-19
-1
-8
0
2
3
6
0
0
10
5
7
-10
5
4
1
4
1
10
-20
-17
-8
10
-16
6
24
-2
76
17
64
-101
-18
-39
17
-42
75
94
95
48
-114
21
-3
-3
20
-14
-10
4
0
-10
-9
6
6
26
-19
-64
-88
-91
2
3
0
27
-13
-3
17
-9
-24
-34
-24
13
6
25
-2
-6
3
3
7
-4
5
16
-24
9
-1
3
4
1
7
1
3
1
3
-4
15
13
17
-1
-6
4
0
-14
-5
10
-8
16
3
4
-4
-14
-33
-75
-210
-33
-20
-1
-5
-68
66
-68
66
-275
2
-43
0
20
3
0
6
10
15
17
-6
-1
3
24
-22
18
-9
80
-11
2
-21
71
21
-9
-26
16
48
-13
-10
32
-8
-10
-4
3
5
7
0
-1
-4
11
33
0
-8
-3
-2
5
-1
-1
-4
-4
-6
0
3
5
0
-3
0
-3
4
9
5
-9
39
-13
-7
-9
-5
-6
-41
56
36
102
-3
-8
-177
13
241
-61
9
-70
7
-5
1
33
-3
1
-1
2
6
-17
1
25
19
26
2
39
30
37
40
10
2
-7
1
-1
8
0
-6
8
21
-64
-3
0
-1
-5
3
-4
-1
0
15
-3
22
-6
0
0
1
-5
-4
1
3
-7
-2
1
4
-17
-6
3
4
-2
16
1
-2
-14
3
-2
2
-2
-9
28
58
-75
0
-62
-34
15
-105
-82
-142
-51
-289
10
1
6
-20
-20
6
0
-8
15
8
-14
-2
2
1
5
-19
56
-26
-8
-18
-33
14
-6
9
8
2
-4
18
14
-45
43
-10
7
-13
-8
1
1
8
-9
-2
-3
-11
-6
1
1
0
2
-1
2
-4
-2
-8
5
0
-2
-4
-4
5
2
0
-19
-50
28
-19
54
3
-7
17
-33
-33
-82
5
12
0
-42
86
85
-90
65
-68
21
16
-7
-5
22
14
1
16
-6
-1
-3
-7
-9
42
62
49
-25
-11
-11
38
-16
38
-61
-5
5
4
-1
-16
1
-18
21
4
3
5
-16
3
3
0
-5
-13
-14
-1
-9
3
-2
2
0
-2
-1
1
-4
12
-2
7
6
0
-5
-7
0
0
-78
26
-17
-25
-30
-9
-3
29
49
33
-92
41
85
-162
-198
-153
-278
-62
-228
-10
22
-2
-3
-13
0
21
11
3
5
12
-3
20
-14
12
-29
1
-48
-8
29
-109
-32
-178
3
24
9
1
12
0
76
7
0
14
-3
-1
4
5
4
-3
7
19
-9
1
-5
-2
-3
-2
0
2
2
0
2
-4
-3
5
3
10
7
-1
-3
-14
-11
28
-3
-1
37
1
23
-57
10
-2
13
15
-67
23
47
19
-146
66
-53
-27
-47
-15
4
-32
-13
-4
10
-2
-8
-23
24
5
-31
-17
-22
-17
-12
51
-93
-3
60
-73
18
-25
5
2
2
0
-5
1
10
-2
8
-8
-1
0
3
1
-6
12
0
0
3
-1
2
-1
4
0
3
8
4
4
5
30
12
4
-2
5
0
-25
-17
-27
30
-47
-35
-13
-1
-49
-65
39
6
-4
-37
-1
67
-74
-8
-165
10
-10
14
9
16
-12
-2
6
15
-11
19
-10
-1
5
11
7
-9
-44
-2
36
47
-12
251
70
0
-4
-10
11
-7
15
-42
-3
-7
4
2
8
10
7
4
-3
5
9
-9
1
-2
-1
2
-5
1
-4
-1
-11
1
9
12
-4
-17
-4
5
5
-1
17
-20
-28
12
13
40
7
9
12
50
-28
-59
-20
6
58
2
-70
224
-71
-4
3
2
3
-2
3
-17
6
-4
-8
6
-13
-10
6
8
4
-6
-4
-40
-69
-7
63
-103
7
18
-9
0
9
8
5
10
-18
-6
1
7
7
6
3
2
-1
-2
-2
7
12
0
2
-1
3
5
-11
-6
0
3
1
7
-2
-12
21
10
1
-9
32
-89
17
-29
-65
18
-42
-29
-52
-36
-45
22
-93
-3
-41
-94
-155
-284
2
-4
-2
8
-12
-1
9
10
-5
30
0
0
-26
-7
1
21
5
-1
0
5
-9
-20
221
50
-6
9
3
-8
2
-3
-2
-4
-34
-23
0
0
0
-3
12
14
6
9
3
35
7
0
0
5
-2
12
-4
0
0
7
1
-15
16
14
-14
0
1
-1
1
-1
7
1
-2
0
-14
-7
-27
-12
38
37
-62
-32
2
-37
239
-164
-15
-4
-9
-13
-9
0
-12
7
-5
-1
-9
41
0
9
3
-13
17
-6
99
105
29
-6
20
-62
1
-11
9
-6
-4
3
-3
-10
35
-24
17
5
16
1
20
14
2
4
-5
-7
-19
2
7
-3
-1
-1
3
3
2
13
-9
-30
-28
19
30
1
-5
0
4
2
19
6
6
-7
-3
-3
-27
-77
-27
68
16
13
4
18
-497
13
-5
3
3
7
-3
-6
-9
-10
16
-17
29
-3
-21
-13
1
-4
24
-15
26
-15
-14
-41
-32
39
-10
13
10
-10
-14
-4
-6
-36
1
4
-9
-15
-3
10
-4
12
-1
6
-7
-39
7
-3
3
3
2
0
0
0
-2
2
-8
10
13
12
3
6
1
3
3
-7
-24
-50
-7
-5
29
5
17
-78
-67
11
70
65
28
-19
-37
5
-1
27
12
6
1
-9
14
-2
2
-1
-40
-42
-55
-8
0
29
27
8
10
8
4
-51
-33
1
32
17
7
4
-7
1
-17
-1
6
-13
64
39
2
0
-2
-3
-11
-5
7
-6
-1
-1
-3
2
6
5
-3
41
266
3
-11
-13
-16
1
13
1
-7
1
2
-9
9
-32
13
18
47
16
103
14
-106
-70
-6
-55
-58
-40
15
3
10
7
3
2
3
-20
-6
0
4
2
3
28
15
12
-27
-21
-8
12
-4
-10
-3
-86
-8
7
-13
13
-3
7
-6
3
14
8
15
50
31
-16
-10
9
4
3
4
-3
-9
-18
-2
-5
0
-2
10
-6
-8
32
-344
-7
-28
-12
-18
-13
-1
3
0
9
-49
91
6
-9
51
1
3
16
-20
82
6
-47
-115
69
22
30
45
-112
8
9
-8
-12
-2
6
-4
1
-6
23
14
-29
12
-2
-14
-14
-19
-5
36
-16
-25
10
-241
-185
5
6
16
-1
0
2
12
-6
-10
-56
-73
-69
-13
26
66
49
-3
13
23
-54
25
-2
2
-5
-4
52
7
-391
-52
-14
11
-36
-14
-27
12
0
-2
25
-50
1
7
31
-19
0
-7
-7
-51
-6
-63
-51
26
22
9
-49
-185
47
3
8
0
-10
3
-3
-11
1
-4
14
32
60
-16
-17
-6
-37
20
3
25
-11
-29
28
-186
76
-3
8
-9
6
3
1
3
15
23
3
-23
-39
-28
7
29
-4
-2
1
23
49
5
2
4
2
4
138
-107
49
85
-22
-93
-1
-6
-23
-12
6
2
4
-3
31
-28
33
-53
12
-15
-7
37
-119
167
-75
76
43
-102
17
56
79
7
-15
6
-16
11
-7
-8
6
-5
-14
23
13
2
-5
10
-12
3
-15
-19
-43
3
19
-18
231
335
-484
-27
0
-3
3
-3
1
-50
23
30
-34
-52
-23
-26
-81
-55
-71
-12
29
-6
-9
-2
-9
153
-118
-29
14
22
-44
43
25
5
-10
5
-1
-4
0
-11
10
-64
-55
-68
-48
-6
19
71
157
134
61
141
48
83
12
186
5
-6
-7
-10
-10
6
9
3
-8
1
-18
1
6
4
-24
-4
-6
8
-12
25
4
4
-11
-98
97
-109
-91
5
5
2
10
1
2
-34
-6
-2
-9
8
23
0
-24
-3
-6
-13
-13
-4
-5
9
-28
290
-83
14
12
-25
-8
72
-7
-37
-11
2
-2
-1
2
-25
-31
66
-5
-19
-8
-32
8
11
56
-41
-93
-146
6
2
45
-19
-37
14
-18
-2
6
16
13
-7
-7
-1
15
-2
-18
5
-13
-20
-3
-3
-18
-7
8
8
1
-3
-1
8
-18
390
-371
62
-4
1
-6
-25
7
25
27
18
43
6
-34
-58
-27
-20
-119
12
6
-21
153
-224
6
11
-1
-2
-17
71
-30
48
16
-6
-3
0
8
-65
-153
-37
-1
-76
-70
-13
-1
15
4
35
33
47
15
-9
73
-100
-7
-48
1
8
-1
9
-18
-5
-1
-6
-17
9
-8
7
16
5
0
9
16
-18
-9
6
3
-7
-2
3
-87
-127
185
-3
3
-4
13
29
15
-2
-31
-3
7
15
21
-4
4
58
67
-9
-5
-90
-85
86
-3
-15
-2
2
4
81
7
26
-29
-10
5
-8
-8
2
26
-82
19
2
-7
-2
23
-8
30
-15
15
-8
-12
-22
35
40
133
-7
-31
-19
5
8
0
4
3
-1
2
7
7
9
-25
23
-12
-4
-6
7
8
-6
-1
-8
3
0
-1
-3
176
-210
50
27
15
-15
-5
9
-4
17
6
8
9
-3
2
-59
-5
1
-1
35
-69
44
-8
-14
7
7
8
9
1
-27
-7
-3
3
-1
-5
12
58
70
-11
-1
-16
-22
14
17
-43
-4
-3
7
-35
24
-14
31
-50
-29
1
13
5
-4
4
-3
2
-5
-38
-24
-12
-6
34
-1
3
2
15
12
-2
13
13
0
-8
0
7
-26
517
179
23
15
26
3
-8
-6
-11
-9
-27
-9
-16
-11
-3
-115
-3
0
3
111
18
-14
-7
7
6
-7
12
-63
45
50
15
15
3
2
3
-17
2
-72
11
-38
-11
3
-34
5
-17
-51
21
25
-14
-39
55
75
-1
-37
99
-29
5
-23
5
-8
8
-21
6
-6
-9
-2
-1
5
-11
8
12
3
7
1
-9
0
-2
-2
-3
1
-3
123
-11
21
-2
12
-7
2
2
-1
13
0
11
32
-100
13
19
2
4
11
5
-10
16
24
-24
1
25
50
-18
31
-4
2
8
0
12
-37
-51
35
29
27
2
11
-19
-24
5
32
14
4
46
-43
-92
44
-23
89
-58
41
20
-5
-1
-1
19
33
-21
-16
-17
-1
-2
3
-4
11
0
11
-1
-3
8
7
-3
0
2
-1
-13
391
25
26
-15
-13
2
6
1
3
-8
9
10
50
-20
79
1
5
18
-59
12
7
-14
-23
-14
-6
-11
34
-15
0
-13
2
-13
2
0
5
-7
16
-37
-3
-8
-65
133
-16
4
-13
29
-15
-1
-10
-49
97
-118
132
428
-109
14
12
-11
0
-2
-30
-15
-2
3
9
-1
1
1
-6
-4
-4
9
5
0
-1
-2
-3
3
2
-1
-36
151
-107
16
8
3
2
-1
0
-6
0
-9
-21
71
2
2
-4
31
-37
-2
10
0
-18
26
-5
-23
-29
5
17
-11
-17
5
0
-2
5
73
-10
26
5
11
-158
110
28
8
-24
-10
14
37
10
107
110
-248
-4
-220
4
-23
-22
17
10
-18
-5
-7
1
23
11
3
0
1
13
9
10
1
-3
3
4
0
0
4
2
-1
-146
-421
-9
22
-3
1
-17
-1
-1
6
12
20
62
-28
-14
-1
-15
-64
16
-1
9
-21
-36
-13
3
1
-2
3
-6
-1
-3
-4
4
-1
-3
-29
8
-23
1
-12
2
19
-7
10
-9
5
10
-38
14
23
29
-81
124
294
38
-30
1
1
-3
-7
50
1
6
-33
2
4
-4
-1
1
15
-2
15
4
-2
1
7
-2
-1
-3
-1
-2
62
-45
0
-3
0
-6
2
0
8
-17
-3
36
2
6
0
36
-22
13
8
16
13
-4
12
-6
1
-5
-3
-11
4
14
-1
2
-6
-8
-18
15
13
9
-10
-5
1
-6
17
14
7
1
-66
0
19
18
75
-93
-61
-2
-10
5
0
-10
-37
-30
-6
-11
-13
-1
-5
10
3
0
15
-7
-5
1
-1
4
-4
-3
-1
0
0
0
245
-52
1
9
-12
-12
3
-2
17
1
-31
-11
0
3
3
121
7
4
-3
2
-2
19
27
18
1
-8
3
12
-12
0
-4
-2
-3
-7
37
3
-2
-3
12
-5
-14
21
-5
-14
-4
7
-18
-71
46
44
-80
-39
44
43
46
37
0
-26
-8
13
5
-22
-8
-4
4
5
-4
-2
1
-11
-3
11
1
13
0
-3
-1
-3
0
1
-35
233
-24
32
5
-5
-5
1
8
-3
-13
84
-3
-4
-5
13
-15
18
7
9
-22
16
-11
0
1
-36
-3
26
12
-2
1
1
2
-29
71
-39
-1
8
-12
-59
-14
-16
11
-3
13
17
40
-20
2
-90
-61
107
43
-11
7
-10
-2
14
23
-12
-20
-19
10
14
-4
10
-7
0
4
22
16
16
6
-10
2
3
1
2
-1
-1
-137
-30
13
-6
0
4
-1
3
11
15
-75
-76
-8
3
-29
-72
-8
-3
-27
-36
-6
15
-1
0
0
-1
-26
-17
40
-10
9
-3
-1
1
43
47
-20
11
8
-25
-7
-4
8
-4
7
-10
-42
-35
1
38
-57
61
18
-6
7
-23
-22
-9
18
14
-24
-10
0
8
-4
3
2
7
7
-5
4
-3
3
14
0
1
2
-1
2
-1
-1
-33
-18
54
52
80
57
14
14
9
10
-42
28
-11
12
15
20
-6
5
-31
36
-15
1
-4
1
-6
16
-32
-28
-2
-4
3
0
-6
-53
-63
-14
-11
-25
-27
2
11
22
6
23
28
23
5
45
-18
74
-8
-21
-24
0
-7
-34
-34
-7
24
15
0
12
-2
-15
4
9
0
5
-6
1
13
8
-3
4
-5
3
0
-1
0
-3
-153
63
-24
4
3
-2
-14
-11
0
-5
-164
-64
-2
32
-23
-17
-2
-34
-8
11
12
-1
5
1
-8
-50
7
11
-13
-7
1
4
-7
-4
6
-4
-10
-25
5
12
-1
6
-51
11
-17
29
43
-133
-33
-2
-44
23
-22
-12
-11
5
36
-11
40
-74
24
-6
2
3
5
-8
12
-6
4
6
3
-2
-1
6
-6
2
-7
6
1
1
24
-106
11
-27
-89
-88
-31
53
136
-55
-36
-28
9
55
25
-21
-1
-9
4
2
0
9
-15
2
-25
38
43
-7
3
4
-1
6
0
1
29
16
-7
-25
-7
-8
-11
-44
-19
18
65
-8
-39
79
83
115
10
11
10
-1
-37
-51
-9
-35
-111
-88
-26
0
6
3
-6
-4
12
13
-18
4
8
5
5
-11
-5
-3
-6
1
3
0
90
60
-2
-5
21
-12
12
60
-31
-44
-7
31
-14
-67
-55
6
-7
5
0
2
-7
24
29
-19
9
3
0
58
-21
6
-6
-7
-2
10
0
-7
11
2
-5
-5
15
4
-9
-5
8
-56
-25
109
14
22
-16
-3
-6
-4
-25
0
1
79
-98
17
8
-6
14
-3
4
4
-10
8
-4
-8
6
-2
6
-5
2
0
-5
-1
4
1
-9
53
-2
28
1
-20
-11
-51
-50
-14
-2
29
83
14
-20
-3
-33
55
6
-17
20
-9
-9
-38
-3
0
-29
-42
-6
-4
3
4
-5
-4
-3
14
3
7
-10
15
1
18
14
11
31
-88
47
3
4
-65
3
3
3
4
60
50
-47
-63
-61
38
-5
1
1
16
0
14
11
-1
5
-17
8
26
-1
1
-1
1
8
10
0
1
-45
-101
-20
33
7
-10
23
-56
-80
-4
6
-19
174
-68
-4
19
-14
-27
-4
-30
0
-34
2
2
20
51
-10
15
47
-18
-2
-1
6
-39
62
-33
20
-10
-3
-1
4
0
-3
-2
-13
-17
-12
-53
-8
-39
11
-6
1
-5
46
42
38
-129
41
0
-1
3
3
11
-7
-1
-8
-6
-16
6
-12
-1
-22
10
3
-11
0
0
6
0
-1
63
45
17
6
12
-3
0
26
-3
19
215
-121
-29
3
-28
24
1
-7
-26
17
2
6
3
46
-26
-6
21
-40
6
-4
7
28
36
-61
-13
-33
-11
-2
20
-6
-6
-19
13
33
9
29
29
117
27
-11
3
12
79
55
30
-136
-49
27
4
-6
-2
14
-1
-3
0
16
3
-6
-4
-12
21
23
1
-6
-1
10
1
-6
1
-1
245
-28
2
22
-7
-11
-31
-39
13
-54
206
-40
18
21
16
26
2
-3
64
7
13
-4
-16
8
-5
-6
-3
8
-21
3
-3
8
-9
-1
1
12
20
-16
-8
17
55
-16
4
-29
-6
19
-36
-22
7
-1
0
-9
-9
-2
-60
-31
29
1
-2
-3
-9
-6
1
0
0
3
-11
0
-8
1
-10
-5
-16
0
3
1
-6
3
2
1
-16
98
-27
8
-4
-9
13
76
-158
70
-139
-7
8
-23
46
-20
-8
-13
17
17
-8
2
-33
-33
-3
-4
-7
-7
19
0
1
39
35
10
7
5
15
1
14
-19
14
46
-7
-14
-7
23
48
30
-1
3
8
48
5
27
-38
-8
11
4
13
5
-2
-2
6
-6
4
-6
-6
6
6
-3
-15
-4
-14
-6
-15
5
6
-6
3
-1
-62
-51
5
-9
-13
7
-18
102
187
-248
47
-5
16
27
-6
-12
-23
48
5
20
13
2
7
-7
-8
-24
-2
-7
6
-2
1
-15
-29
27
2
12
4
-6
7
-18
-23
32
38
-13
-19
17
-39
-55
25
0
-15
-6
6
78
14
0
1
1
-3
-11
-6
-4
-7
-6
-3
2
2
7
13
-13
6
-5
-8
-4
4
-7
2
-5
-8
0
-1
-51
-67
2
15
4
9
-6
-5
-19
21
3
5
31
-27
-7
-32
2
26
-13
-4
-23
14
-3
3
6
-41
0
0
6
-3
-83
7
6
-3
-6
-2
-3
7
-5
-56
-72
-51
8
-19
27
2
9
-15
5
-23
23
16
32
20
4
0
3
12
8
-3
8
5
8
1
-8
-5
8
-5
-15
-2
1
-6
7
5
9
0
11
3
-2
-6
-261
18
22
7
24
-13
0
-10
-57
-37
-15
45
1
4
6
50
0
34
12
9
35
4
-116
-176
-934
-973
-447
-669
-869
-874
-871
-242
-77
-77
-121
-140
-159
-71
-139
-138
-291
-291
-230
-132
-164
-197
-236
-188
23
-53
-199
-335
-378
-415
-448
-468
-486
-499
-505
-554
-567
-575
-593
-612
-649
-658
-663
-662
-664
-664
-684
-708
-753
-804
-836
-882
-904
-937
-970
-982
-1013
-255
-247
-331
-398
-419
-399
-384
-381
-376
-274
-253
-233
-191
-174
-365
-449
-325
-134
-115
-89
8
1
-40
-10
-197
128
-57
-3
-3
-34
20
10
20
-6
-11
4
12
0
16
-161
16
-49
19
-20
44
-18
95
17
-28
27
-4
14
13
-9
1
6
0
-16
-8
-5
0
2
6
-4
4
9
9
0
10
1
9
7
-2
-10
-2
1
-8
-5
-5
-150
16
13
1
-4
-9
5
6
-31
-37
0
6
2
10
58
-45
6
32
13
0
119
