221
277
270
269
285
265
270
281
293
284
282
288
291
286
288
286
282
278
299
287
281
283
284
286
289
284
301
287
296
284
297
308
295
299
287
284
295
285
288
284
225
210
218
207
212
210
226
223
223
219
228
219
225
224
232
224
227
221
248
232
232
232
237
236
244
243
248
260
249
257
243
255
255
255
260
260
273
258
251
236
220
218
217
208
215
224
226
232
224
221
227
232
229
236
232
243
236
236
254
236
243
252
253
256
252
268
260
261
267
262
274
304
291
269
274
291
297
284
273
269
213
220
266
225
232
235
239
234
241
242
250
259
255
253
264
265
292
296
302
286
284
294
287
280
277
266
276
297
281
283
278
273
263
268
262
276
264
254
243
203
242
233
244
244
260
248
258
255
255
278
262
260
261
261
270
277
268
271
282
300
276
277
268
281
282
296
296
302
324
312
316
315
314
305
304
292
293
276
268
252
369
278
287
282
275
279
273
256
290
266
275
265
261
263
269
271
278
286
271
286
266
273
283
285
299
306
330
353
426
312
303
311
330
329
328
279
295
286
286
236
286
282
279
267
287
279
274
261
267
256
257
257
265
267
270
266
276
277
292
295
286
283
317
315
326
323
389
313
322
296
318
322
332
324
327
312
303
288
276
267
546
302
268
263
248
246
257
265
259
257
263
266
269
268
280
287
304
318
341
328
358
369
414
397
358
360
376
361
368
354
395
373
429
407
324
319
337
336
318
302
274
272
256
252
250
255
253
259
266
267
274
288
304
322
352
374
402
418
429
504
418
368
360
360
372
379
382
368
378
368
348
461
437
479
430
382
382
356
429
349
264
257
268
264
259
251
264
276
283
313
314
339
379
399
427
448
457
463
416
355
361
366
357
353
344
336
346
337
347
347
358
365
375
373
366
363
426
417
425
421
260
262
259
266
263
261
300
304
321
370
401
493
495
500
390
404
390
377
362
357
349
350
359
335
330
325
326
322
328
329
319
325
340
329
335
364
361
363
353
309
271
270
259
267
264
279
302
324
377
475
532
427
381
377
388
375
380
374
353
358
350
351
347
342
337
324
331
311
310
304
305
293
302
303
314
325
338
337
342
344
284
278
279
282
280
296
339
359
405
469
422
380
393
404
381
389
393
417
466
461
459
491
560
437
421
401
385
368
341
366
336
313
307
313
310
302
319
334
331
322
290
294
311
685
313
338
361
370
416
464
357
382
396
399
420
459
490
568
554
591
753
559
492
448
414
367
392
380
362
400
345
347
320
302
307
299
301
322
334
317
301
306
293
301
300
334
348
393
412
433
396
389
418
400
435
531
684
990
1203
1268
1208
936
837
677
507
468
452
400
352
380
391
355
326
301
299
309
298
309
321
327
308
314
320
308
325
342
331
359
456
452
359
379
410
419
466
587
757
1035
1660
3714
3554
1800
1146
870
551
477
422
391
399
359
382
412
327
304
305
296
317
324
320
291
323
321
317
314
312
309
323
338
342
377
372
364
351
390
436
516
662
771
892
1260
1413
1252
920
813
522
456
414
403
405
364
410
359
343
316
299
298
297
307
323
299
368
334
312
334
344
319
320
344
347
456
423
415
381
399
413
463
465
462
518
541
639
595
563
472
431
427
415
443
410
356
401
330
327
308
299
305
314
322
314
313
312
337
331
341
324
321
303
301
321
324
341
339
337
348
372
387
413
430
449
448
448
442
428
408
408
423
408
400
352
341
363
336
310
310
299
305
306
298
326
309
306
315
335
335
345
325
327
352
324
316
308
314
315
324
337
336
338
347
346
351
357
378
379
384
388
386
369
340
379
381
343
316
301
296
305
289
295
293
331
352
306
328
338
325
312
335
339
337
348
342
385
319
326
320
321
353
343
339
341
347
354
359
352
377
349
347
338
390
467
350
332
301
286
291
283
286
285
302
324
317
374
340
358
395
353
339
351
369
372
374
406
348
348
353
358
351
359
362
374
372
354
315
330
336
333
368
357
365
330
293
289
279
283
289
295
284
288
297
313
319
344
379
597
356
366
459
771
368
389
379
382
372
382
385
376
375
382
363
369
374
342
369
389
368
327
316
295
295
288
282
278
279
290
279
278
281
272
268
277
264
274
272
268
283
292
313
327
315
316
330
367
361
356
365
359
382
342
369
431
459
327
308
310
304
280
286
287
282
276
271
274
271
269
277
284
273
273
271
265
248
247
252
245
270
251
262
268
266
276
289
295
303
303
313
335
308
306
311
337
332
333
1294
326
291
287
283
274
267
272
265
266
272
278
280
275
280
272
249
242
220
250
250
246
241
237
248
242
240
251
278
302
282
271
278
297
281
293
297
288
287
282
335
280
270
264
257
256
257
260
269
271
267
274
267
251
247
238
227
217
207
249
259
252
253
263
259
269
256
261
271
270
274
276
284
288
290
290
278
278
288
270
264
251
257
261
267
267
268
261
270
254
250
250
232
227
225
220
216
213
211
249
257
261
260
256
260
262
265
270
270
272
280
282
296
271
256
262
271
280
259
263
261
270
254
259
256
253
250
240
245
238
222
225
219
214
218
212
210
208
226
258
251
260
253
259
260
254
269
274
273
275
264
262
259
264
271
273
260
247
249
254
246
243
237
240
232
227
224
219
221
212
219
218
207
204
203
201
207
206
166
262
256
247
245
241
253
247
254
246
250
253
245
242
242
238
242
230
235
233
228
237
223
216
223
209
218
215
214
214
210
210
206
201
210
203
204
204
206
200
195
