%%
35.4769856207
-11.2148914115
20.6594370283
-8.04399310445
-208.442227974
92.6919413715
-108.230345322
201.344037875
109.58851923
-6.14628254766
32.6273453657
-112.143429573
-9.6127111456
147.548795652
-74.8278680056
21.5555823859
-40.0655254944
120.474977659
-95.4856041069
-60.1731730757
-71.8837614865
19.6283207035
-106.38899429
28.3653672691
105.714353094
233.070036067
-191.585075998
4.56682975386
-138.410104895
-211.958926298
65.4334665355
95.9560634997
48.8477210918
-125.07047968
-78.0559645793
61.3580148345
-14.612911053
-187.340179481
-25.1197984789
172.342205943
134.537180412
119.452823429
116.037992487
-186.973418918
-23.8622371037
-185.74488118
-51.3664620125
188.016375956
-153.330099339
-14.2849786903
2.4029609902
-66.792858023
247.040878592
100.871340498
-162.240008468
-226.974130078
36.7221424733
-125.759673669
46.8212347883
113.282424403
17.9312676507
136.065720956
50.5643704939
119.088418185
-28.8831027974
26.3743445361
-147.983989246
-13.8815230466
120.734686919
43.1322752207
70.7147079556
17.1425183414
-168.233583724
-60.7206094056
-178.796187162
55.2610048394
-95.5573787407
-44.3788682657
-90.094571556
41.1132085426
35.2582723507
-259.718288365
-57.4884249415
-73.3507385973
-1.04833571831
10.1922237262
279.74875962
53.4225697909
47.4615062258
42.6623121567
36.5292193144
116.823389658
26.0279552599
280.034409999
-35.3571332073
98.2357308767
50.7935778372
25.9338821455
-89.8291990639
-46.3489599778
-103.519900177
248.301816882
-94.7136300261
72.7891231214
23.4213851237
-25.6461792317
151.379706961
-1.27848316205
101.728870593
-93.5014746626
54.7079867818
55.2636382652
41.1470319314
10.1541333337
323.162690098
-142.820732961
40.3573990359
212.299518953
387.8143969
-19.1857941034
33.1491327297
19.2821640628
121.366287251
202.517939796
99.8890636298
113.418025218
-121.498491654
43.0919369059
