5 5
3
3 20 23
12
1 2 5 8 10 11 12 13 15 18 21 22
40
11
1
serial
K32
lloaded
0 IRREGULAR 2 128 32 1 1 0 0 1161048134 723393547 none
1
serial
K16
balanced
4 STRIDED 0 8 2 8 1 512 0 3302482832 3027602954 full
2
serial
M1
balanced
1 STRIDED 0 64 8 2 2 128 0 1541975187 190315448 llc
2 IRREGULAR 2 32 4 1 1 0 0 4158709312 1541975187 llc
1
serial
M2
preferred
8 STRIDED 0 16 16 2 2 128 1 2008586087 1357075479 none
1
serial
K512
balanced
7 STREAMING 0 128 4 1 2 0 1 2727628049 2630029224 full
1
serial
M8
lloaded
11 STREAMING 0 128 16 4 1 0 0 3693731267 290159560 none
1
serial
M4
lloaded
10 STRIDED 0 256 8 2 1 512 1 2459762356 259891555 recall
1
serial
M4
preferred
6 STREAMING 0 8 16 4 1 0 0 3186195938 213296950 full
1
serial
K2
balanced
5 IRREGULAR 1 32 16 8 1 0 0 3023398461 3515149347 llc
1
serial
K32
lloaded
9 IRREGULAR 2 32 16 8 1 0 0 1418950936 3777458365 recall
1
serial
K4
lloaded
3 IRREGULAR 0 8 8 4 1 0 0 217366635 3820189656 full
6
2
p2p
K512
lloaded
11 STREAMING 0 32 32 4 1 0 1 308032951 3023880151 none
4 STRIDED 0 32 4 1 2 256 0 618663616 308032951 none
1
serial
K1
preferred
5 STRIDED 0 4 8 8 1 64 0 3542881610 665552778 llc
2
serial
K64
preferred
7 STREAMING 0 256 8 4 2 0 0 1751939291 3577263052 llc
10 STRIDED 0 32 4 8 1 128 1 805740824 1751939291 recall
2
serial
K128
preferred
1 IRREGULAR 3 32 16 8 2 0 0 1178218754 3885921527 none
8 STRIDED 0 8 32 4 2 256 1 792115338 1178218754 recall
2
p2p
M1
preferred
2 STREAMING 0 64 16 4 2 0 1 755498426 925674786 none
6 STREAMING 0 64 8 2 1 0 0 1768325545 755498426 none
1
serial
K64
balanced
9 IRREGULAR 4 64 32 4 1 0 0 4168729225 3807734468 recall
3
4
p2p
K8
lloaded
5 STREAMING 0 16 2 8 1 0 0 3658710128 3233243702 none
1 IRREGULAR 0 16 32 8 2 0 0 2162042014 3658710128 none
2 STREAMING 0 16 4 8 2 0 0 2857902371 2162042014 none
3 IRREGULAR 0 16 2 2 1 0 0 3672224183 2857902371 none
1
serial
K8
balanced
6 STREAMING 0 32 4 4 1 0 1 4102923995 101760120 none
5
p2p
K64
lloaded
11 IRREGULAR 0 128 32 4 1 0 0 1656766746 2220011100 none
10 IRREGULAR 0 128 4 4 2 0 0 3845440060 1656766746 none
7 STREAMING 0 128 1 1 1 0 1 1767347500 3845440060 none
0 STREAMING 0 128 16 1 1 0 1 2644590262 1767347500 none
8 STRIDED 0 128 2 4 1 256 0 3500085415 2644590262 none
10
2
serial
K1
preferred
0 STRIDED 0 4 1 8 1 512 0 655909645 3490016419 recall
4 STRIDED 0 32 16 8 1 256 1 3430380454 655909645 none
2
serial
K4
lloaded
8 STRIDED 0 64 1 8 2 256 0 1786788295 1190889600 recall
11 STRIDED 0 8 4 8 1 64 0 3343999407 1786788295 full
1
serial
M8
preferred
9 STRIDED 0 16 16 8 1 128 1 1529298837 1315750989 recall
1
serial
K1
lloaded
10 STREAMING 0 128 2 8 1 0 1 2493519673 1965342377 recall
1
serial
K64
lloaded
1 IRREGULAR 2 32 4 8 1 0 0 2975872099 1859033315 none
1
serial
K2
balanced
6 IRREGULAR 0 64 16 2 1 0 0 1821063836 2995694194 none
1
serial
K256
lloaded
5 IRREGULAR 1 16 16 4 1 0 0 3428813490 722911095 none
1
serial
K8
balanced
2 STREAMING 0 32 16 2 2 0 1 148496697 3923330888 llc
1
serial
M4
balanced
3 IRREGULAR 0 128 2 2 1 0 0 1718454618 3747694671 llc
1
serial
K32
preferred
7 STRIDED 0 16 16 8 2 64 0 1092605575 3931774291 recall
3
1
serial
K128
balanced
6 IRREGULAR 4 256 8 4 2 0 0 3110344349 1902268163 none
3
p2p
K8
preferred
4 STRIDED 0 16 8 4 2 128 0 3827490994 1471315064 none
10 STREAMING 0 16 1 8 2 0 0 2694679509 3827490994 none
2 STREAMING 0 16 4 4 1 0 1 3608373709 2694679509 none
2
p2p
M1
balanced
11 STREAMING 0 128 16 4 2 0 0 3319340532 1040980221 none
3 STREAMING 0 128 8 4 1 0 1 3295571679 3319340532 none
1
2
serial
M8
preferred
10 IRREGULAR 2 32 8 1 2 0 0 160175863 2063490699 recall
3 STRIDED 0 32 8 8 2 128 1 3663967652 160175863 llc
12
1
serial
K1
lloaded
3 IRREGULAR 0 128 16 4 1 0 0 565972278 98820810 llc
1
serial
M4
preferred
11 IRREGULAR 2 8 4 8 2 0 0 3957940114 823545744 none
1
serial
K32
lloaded
2 STREAMING 0 16 4 2 1 0 0 2899585339 3147255973 none
1
serial
M1
balanced
9 IRREGULAR 2 256 2 2 1 0 0 3267624496 1471138887 recall
1
serial
K1
lloaded
4 STRIDED 0 8 32 2 1 512 1 2425355156 2851887895 none
1
serial
K512
lloaded
10 STRIDED 0 128 1 8 2 256 0 704760078 122706165 llc
1
serial
K8
lloaded
6 STREAMING 0 128 4 1 2 0 0 3417817087 2644963914 none
1
serial
K512
lloaded
1 IRREGULAR 3 8 32 1 1 0 0 1351791602 3230154717 llc
1
serial
K2
preferred
8 IRREGULAR 0 4 8 4 1 0 0 1307345913 3809220445 none
1
serial
K4
preferred
0 STREAMING 0 32 1 4 2 0 0 367774543 405595206 recall
1
serial
K512
lloaded
5 STRIDED 0 8 4 1 1 32 1 3852794169 3409104869 none
1
serial
M1
lloaded
7 STREAMING 0 128 1 4 1 0 0 790768705 2986249667 none
3
7
serial
K2
preferred
7 STRIDED 0 16 1 2 1 64 1 146527859 493011447 full
6 IRREGULAR 1 128 16 8 1 0 0 3629319422 146527859 recall
0 STREAMING 0 32 2 8 1 0 0 3059183542 3629319422 none
10 STRIDED 0 128 1 2 1 256 1 1378780909 3059183542 full
1 STRIDED 0 4 2 4 1 128 0 857981139 1378780909 llc
11 STREAMING 0 32 1 8 1 0 1 362766314 857981139 full
9 IRREGULAR 0 8 8 1 1 0 0 3827855474 362766314 recall
1
serial
K32
lloaded
3 STRIDED 0 64 4 8 1 256 0 1981134040 38358313 full
1
serial
K256
lloaded
2 IRREGULAR 2 32 8 8 2 0 0 1880430153 4005080970 none
1
3
p2p
K256
preferred
1 STRIDED 0 8 4 4 1 512 0 2539891240 3907371803 none
7 IRREGULAR 0 8 2 2 1 0 0 1070309501 2539891240 none
2 IRREGULAR 0 8 4 1 2 0 0 806135137 1070309501 none
2
5
serial
M8
lloaded
0 STREAMING 0 64 32 8 1 0 1 434991022 3156799108 recall
11 IRREGULAR 4 64 8 2 1 0 0 1058925636 434991022 recall
10 STRIDED 0 4 1 1 2 512 0 479556409 1058925636 full
8 IRREGULAR 3 16 4 2 2 0 0 462879494 479556409 none
9 IRREGULAR 3 32 16 2 1 0 0 3058349655 462879494 none
6
p2p
K8
preferred
6 IRREGULAR 0 4 32 1 1 0 0 1962631608 2427471691 none
3 STREAMING 0 4 4 4 2 0 0 30634065 1962631608 none
7 IRREGULAR 0 4 16 1 2 0 0 4201407448 30634065 none
1 IRREGULAR 0 4 16 1 1 0 0 2369541233 4201407448 none
2 STREAMING 0 4 32 2 1 0 1 4075216328 2369541233 none
4 IRREGULAR 0 4 32 8 1 0 0 3294796218 4075216328 none
2
1
serial
K2
preferred
9 STRIDED 0 128 8 4 1 256 1 3497296168 3929363140 none
1
serial
K512
preferred
5 STRIDED 0 16 16 4 2 64 0 3968397493 4054312953 full
2
6
serial
K512
balanced
7 IRREGULAR 2 8 1 1 1 0 0 954019688 3540626245 none
4 STREAMING 0 128 32 1 2 0 0 3084012214 954019688 full
8 STREAMING 0 32 1 4 1 0 1 53085466 3084012214 full
9 STREAMING 0 4 4 1 2 0 1 2152262185 53085466 full
0 STREAMING 0 256 2 8 1 0 0 2070577167 2152262185 recall
5 STRIDED 0 4 16 4 2 128 1 1222534545 2070577167 full
1
serial
K32
preferred
3 IRREGULAR 4 128 8 2 1 0 0 3203477707 2127306157 recall
6
2
serial
K4
lloaded
2 STREAMING 0 256 8 8 1 0 1 1428098262 3081307309 recall
4 STRIDED 0 32 16 8 1 128 1 111220827 1428098262 recall
4
p2p
K32
preferred
0 IRREGULAR 0 128 16 2 2 0 0 2000640860 3797379800 none
3 STREAMING 0 128 2 2 1 0 0 534284626 2000640860 none
8 IRREGULAR 0 128 8 1 2 0 0 1061238603 534284626 none
9 STRIDED 0 128 2 2 1 256 1 3250577028 1061238603 none
2
p2p
K128
preferred
6 STREAMING 0 32 8 8 2 0 0 2693999883 2689554788 none
10 IRREGULAR 0 32 2 1 1 0 0 443755781 2693999883 none
2
p2p
K1
preferred
1 IRREGULAR 0 8 16 4 1 0 0 4176912845 2704037430 none
5 STRIDED 0 8 2 4 1 64 1 3879955066 4176912845 none
1
serial
K32
preferred
7 STREAMING 0 32 8 2 1 0 1 706231498 49395563 none
1
serial
K16
lloaded
11 IRREGULAR 0 4 2 4 1 0 0 308691155 795369765 recall
8
1
serial
K128
preferred
10 IRREGULAR 0 64 16 4 1 0 0 3224803429 673741552 none
4
p2p
M4
lloaded
4 IRREGULAR 0 32 8 8 1 0 0 2103815903 1133308385 none
9 IRREGULAR 0 32 8 1 2 0 0 274878728 2103815903 none
5 STRIDED 0 32 16 2 2 64 1 2183550090 274878728 none
2 STRIDED 0 32 4 1 1 256 0 4270109280 2183550090 none
2
p2p
K64
lloaded
6 STREAMING 0 64 32 2 1 0 1 4025015514 1971573847 none
0 STREAMING 0 64 2 4 1 0 0 3137411154 4025015514 none
1
serial
M1
lloaded
1 STREAMING 0 16 2 1 2 0 0 4233512072 2454255051 recall
1
serial
K4
lloaded
3 STREAMING 0 256 16 2 1 0 1 3154371948 3303827179 llc
1
serial
M8
preferred
11 STREAMING 0 64 16 1 1 0 1 1276029559 846263688 none
1
serial
K512
preferred
8 IRREGULAR 1 256 16 8 1 0 0 1944576290 2865861108 llc
1
serial
M4
preferred
7 STRIDED 0 64 1 8 1 256 0 377763355 3347771790 none
3
7
serial
M4
balanced
2 STRIDED 0 16 32 4 2 128 0 1504379266 185243488 recall
5 IRREGULAR 3 256 32 1 1 0 0 819918507 1504379266 none
4 IRREGULAR 0 8 8 8 2 0 0 1268547828 819918507 full
9 STREAMING 0 4 32 4 1 0 1 785124135 1268547828 none
8 IRREGULAR 4 4 32 8 2 0 0 347005038 785124135 full
10 STRIDED 0 32 32 8 1 256 0 2876053313 347005038 recall
0 STREAMING 0 16 1 4 2 0 1 1503868862 2876053313 recall
1
serial
M1
lloaded
6 IRREGULAR 4 8 16 1 2 0 0 4178377665 3894369907 recall
3
p2p
M8
balanced
1 STREAMING 0 8 32 2 1 0 0 2768294949 4278809693 none
11 STREAMING 0 8 4 4 1 0 0 2452235281 2768294949 none
7 STRIDED 0 8 8 2 1 32 1 2781068437 2452235281 none
1
7
serial
M8
lloaded
5 STRIDED 0 16 32 8 2 512 0 3010998261 3610073088 recall
0 STREAMING 0 32 2 4 1 0 0 1999151258 3010998261 full
8 IRREGULAR 0 8 8 2 2 0 0 812375803 1999151258 recall
7 IRREGULAR 4 16 1 8 2 0 0 1167724075 812375803 none
4 STREAMING 0 128 4 2 1 0 1 1315264952 1167724075 recall
10 IRREGULAR 0 256 4 2 1 0 0 667252017 1315264952 llc
6 STRIDED 0 16 32 4 2 64 0 1318891366 667252017 full
6
1
serial
K8
lloaded
8 STRIDED 0 32 16 4 1 128 0 242828040 684208730 llc
2
serial
M4
preferred
4 STREAMING 0 64 4 4 1 0 0 3816611951 2997448621 recall
9 STREAMING 0 32 2 1 2 0 0 4066981409 3816611951 llc
4
serial
K8
preferred
1 STREAMING 0 64 32 2 1 0 0 566019106 1852830399 recall
3 IRREGULAR 1 128 1 4 1 0 0 3852327347 566019106 none
2 STRIDED 0 128 8 8 1 256 1 525212877 3852327347 recall
7 STREAMING 0 8 32 1 1 0 1 2469362975 525212877 llc
1
serial
K512
lloaded
6 STREAMING 0 4 1 4 1 0 1 1630134271 3691441159 recall
1
serial
M2
preferred
11 STRIDED 0 64 16 8 1 256 1 2669511751 2849313367 full
2
serial
M2
balanced
5 STRIDED 0 64 2 4 1 256 0 1737815267 658931242 llc
0 IRREGULAR 4 8 2 8 2 0 0 2017360310 1737815267 recall
4
2
p2p
K128
preferred
9 STREAMING 0 8 16 8 1 0 1 2086463748 2398416877 none
1 STRIDED 0 8 4 4 1 512 0 1431842092 2086463748 none
7
serial
M1
lloaded
11 STRIDED 0 256 8 4 1 512 0 1514354880 106075099 llc
8 STRIDED 0 256 8 8 2 512 0 1487913119 1514354880 full
6 IRREGULAR 2 8 32 2 2 0 0 210631269 1487913119 full
3 STRIDED 0 4 4 4 2 512 0 873310138 210631269 full
10 STREAMING 0 4 2 8 1 0 0 4065900379 873310138 none
0 STREAMING 0 128 16 4 2 0 1 1336316967 4065900379 full
7 IRREGULAR 3 256 1 4 1 0 0 4057828240 1336316967 recall
2
serial
K1
balanced
2 STREAMING 0 64 1 4 1 0 1 3439602478 1316865469 full
5 IRREGULAR 0 4 1 2 1 0 0 777242733 3439602478 recall
1
serial
K4
balanced
4 STRIDED 0 4 2 8 2 256 0 2610955870 4284761252 llc
3
3
serial
M1
lloaded
11 IRREGULAR 1 64 8 4 1 0 0 853670374 3812113466 recall
8 STREAMING 0 4 1 2 1 0 0 2050127156 853670374 llc
3 IRREGULAR 2 256 32 8 1 0 0 129750371 2050127156 full
1
serial
K64
balanced
6 STREAMING 0 4 4 1 1 0 0 822741535 2953475979 full
2
p2p
M8
preferred
9 STRIDED 0 64 2 1 1 256 1 3615203500 165875917 none
10 IRREGULAR 0 64 32 1 2 0 0 1434673767 3615203500 none
2
5
serial
K256
preferred
8 STREAMING 0 32 16 2 1 0 0 3642488102 618910761 llc
6 STRIDED 0 8 4 1 2 32 0 1321180627 3642488102 llc
5 STREAMING 0 8 8 1 2 0 0 758291195 1321180627 llc
11 STRIDED 0 64 32 2 2 256 1 1638899417 758291195 llc
7 STREAMING 0 8 16 2 1 0 1 3326164004 1638899417 full
2
p2p
K64
balanced
9 IRREGULAR 0 128 8 8 2 0 0 518822543 3997753362 none
2 IRREGULAR 0 128 1 4 1 0 0 2219314939 518822543 none
5
2
serial
K16
preferred
8 STRIDED 0 8 32 2 2 64 0 1603504958 3778190175 full
11 STREAMING 0 16 4 4 1 0 1 1408100489 1603504958 recall
7
serial
K512
lloaded
6 STRIDED 0 256 1 4 2 512 0 275646619 3443102844 recall
4 IRREGULAR 2 128 16 4 2 0 0 569648848 275646619 none
9 STREAMING 0 8 8 2 1 0 1 2807915515 569648848 llc
1 IRREGULAR 0 4 32 2 2 0 0 2226027224 2807915515 none
7 STREAMING 0 4 32 2 2 0 1 2541405413 2226027224 none
2 STRIDED 0 64 4 8 1 128 0 4038340496 2541405413 recall
3 STRIDED 0 128 2 2 2 256 1 66574104 4038340496 llc
1
serial
K512
balanced
0 STRIDED 0 64 32 2 2 256 1 844012468 278413729 recall
1
serial
M8
balanced
10 STREAMING 0 64 2 1 2 0 1 3570381456 308209407 none
1
serial
M1
lloaded
5 STREAMING 0 256 8 1 1 0 1 301092169 1131660774 llc
6
1
serial
K16
balanced
3 IRREGULAR 2 4 32 1 1 0 0 2378950961 838403007 recall
1
serial
K16
balanced
5 STRIDED 0 256 8 4 2 512 0 620163904 2403031414 recall
2
serial
M8
preferred
11 STRIDED 0 4 1 4 2 64 0 585904645 2149371405 full
8 IRREGULAR 3 32 16 1 1 0 0 2513267633 585904645 recall
2
p2p
M2
preferred
10 IRREGULAR 0 256 2 4 1 0 0 1673719669 190904197 none
1 IRREGULAR 0 256 32 8 1 0 0 3030567694 1673719669 none
1
serial
K1
lloaded
2 IRREGULAR 0 16 8 4 1 0 0 1225424931 2658189641 llc
2
p2p
M4
balanced
6 IRREGULAR 0 32 16 2 1 0 0 2523395344 594121283 none
0 STRIDED 0 32 4 1 1 128 1 2227329296 2523395344 none
5
5
p2p
K512
lloaded
1 STREAMING 0 16 8 2 1 0 1 3335251472 1161434108 none
3 STREAMING 0 16 16 1 2 0 0 3638341379 3335251472 none
11 IRREGULAR 0 16 2 2 2 0 0 463397363 3638341379 none
9 STRIDED 0 16 4 4 2 512 0 84906031 463397363 none
0 IRREGULAR 0 16 8 8 1 0 0 1794962413 84906031 none
1
serial
M1
preferred
8 STRIDED 0 4 8 2 1 256 0 2359564989 970877210 llc
3
p2p
K128
balanced
2 IRREGULAR 0 8 2 2 1 0 0 456637395 1404259447 none
4 STRIDED 0 8 16 2 2 32 0 2338952059 456637395 none
7 STRIDED 0 8 1 2 1 256 1 1977796468 2338952059 none
1
serial
K128
lloaded
10 STRIDED 0 8 1 1 1 32 1 490951992 3298313815 recall
2
p2p
K64
lloaded
5 STREAMING 0 128 2 1 2 0 0 1073028356 3062157123 none
6 IRREGULAR 0 128 2 4 2 0 0 1559103828 1073028356 none
11
2
serial
K2
balanced
7 IRREGULAR 0 32 32 2 1 0 0 3454886543 3595586822 full
1 IRREGULAR 0 256 16 8 1 0 0 1138214339 3454886543 llc
1
serial
K8
preferred
9 STREAMING 0 32 2 1 2 0 0 1955424891 4106784234 llc
1
serial
K128
lloaded
8 STRIDED 0 256 4 8 2 512 1 1381749406 1374922439 llc
1
serial
K2
balanced
5 STRIDED 0 64 16 4 1 256 0 2166766263 397473261 full
1
serial
M2
preferred
2 STREAMING 0 16 32 1 1 0 0 1557454487 2173896317 full
1
serial
K4
lloaded
3 IRREGULAR 1 64 2 2 1 0 0 336439552 3364172892 llc
1
serial
K2
lloaded
10 IRREGULAR 0 256 2 8 1 0 0 151785449 3449598994 recall
1
serial
K256
balanced
0 IRREGULAR 3 256 32 8 1 0 0 2986092267 2573350742 llc
1
serial
K64
lloaded
11 STRIDED 0 4 4 1 1 64 1 4170241824 1445641279 recall
1
serial
M8
preferred
4 STRIDED 0 64 1 2 2 128 0 2692240013 2335330902 full
1
serial
M2
lloaded
6 STRIDED 0 4 2 8 2 256 0 4000641817 1282188447 none
5
1
serial
M8
preferred
1 STREAMING 0 16 16 4 1 0 0 2045165854 2856046537 none
3
p2p
M4
balanced
2 IRREGULAR 0 32 4 8 2 0 0 351062646 3818311209 none
0 STRIDED 0 32 1 4 1 256 1 537835082 351062646 none
8 STRIDED 0 32 2 1 2 128 0 2406692226 537835082 none
2
serial
K128
lloaded
3 STRIDED 0 128 16 2 2 256 0 4207200931 3030903499 full
6 IRREGULAR 1 128 16 2 2 0 0 1424153313 4207200931 llc
2
p2p
K16
balanced
9 IRREGULAR 0 64 1 1 2 0 0 2248859375 233885519 none
11 IRREGULAR 0 64 16 2 1 0 0 1595148948 2248859375 none
3
serial
M2
preferred
7 IRREGULAR 0 32 2 1 2 0 0 1841007011 346923022 llc
5 STREAMING 0 16 8 8 2 0 0 1706449353 1841007011 none
10 IRREGULAR 3 4 32 4 1 0 0 962194286 1706449353 full
7
2
p2p
M4
balanced
4 STREAMING 0 64 1 4 2 0 1 2967806878 2438252599 none
2 STREAMING 0 64 16 8 2 0 1 1627473121 2967806878 none
3
p2p
M1
lloaded
5 IRREGULAR 0 256 1 1 2 0 0 545676222 622722466 none
7 STREAMING 0 256 1 8 1 0 1 3561682592 545676222 none
10 STREAMING 0 256 4 4 1 0 0 2868229027 3561682592 none
1
serial
K256
lloaded
3 STRIDED 0 16 16 8 1 128 1 3019742481 1255293206 recall
1
serial
M8
lloaded
0 STRIDED 0 8 32 2 1 512 0 2872526701 3331359035 llc
1
serial
M8
preferred
8 STREAMING 0 256 32 8 2 0 0 1329148993 735395566 none
1
serial
K512
preferred
11 STRIDED 0 16 16 8 1 32 0 3539045104 2670637437 llc
2
p2p
K128
lloaded
1 STRIDED 0 4 32 4 1 256 1 1883452905 4115998025 none
9 STRIDED 0 4 2 2 1 64 1 2517720577 1883452905 none
5
4
p2p
K8
balanced
9 IRREGULAR 0 256 8 2 1 0 0 1405534692 1123174675 none
10 IRREGULAR 0 256 16 8 2 0 0 1828327372 1405534692 none
1 STRIDED 0 256 8 8 2 512 0 2734865847 1828327372 none
2 STREAMING 0 256 4 2 1 0 0 1547160552 2734865847 none
2
serial
K64
balanced
8 IRREGULAR 1 128 2 1 1 0 0 826259318 3695071033 none
4 STREAMING 0 128 8 8 2 0 0 2883921096 826259318 full
1
serial
K256
preferred
11 IRREGULAR 0 4 8 8 2 0 0 3489719300 533184625 full
4
serial
K2
preferred
0 IRREGULAR 0 32 32 2 1 0 0 2845960566 4211386079 recall
5 STREAMING 0 256 4 2 1 0 0 4110682817 2845960566 recall
3 STRIDED 0 256 2 8 1 512 1 3302880185 4110682817 recall
6 IRREGULAR 1 64 2 1 1 0 0 3696197551 3302880185 recall
1
serial
K2
lloaded
7 STRIDED 0 16 1 1 1 256 0 2822916608 1916125746 recall
5
6
serial
M1
balanced
5 IRREGULAR 1 256 4 2 2 0 0 1347939472 3404116708 full
11 STRIDED 0 8 8 4 2 32 1 861189424 1347939472 full
10 IRREGULAR 0 4 16 2 1 0 0 159862197 861189424 llc
2 STREAMING 0 32 16 2 1 0 0 1927493810 159862197 llc
9 STREAMING 0 128 4 4 1 0 1 2642763460 1927493810 none
4 IRREGULAR 0 8 4 2 2 0 0 2947501171 2642763460 llc
3
serial
K512
preferred
3 STREAMING 0 32 2 4 1 0 1 1628663233 4240478311 full
8 STRIDED 0 64 16 4 2 256 0 1529600430 1628663233 recall
1 STRIDED 0 128 1 8 1 256 1 3290705860 1529600430 recall
1
serial
K2
lloaded
7 STRIDED 0 32 16 4 1 128 1 2901435563 4188502946 none
1
serial
M1
lloaded
6 STRIDED 0 64 8 2 2 128 1 2563829555 735525859 recall
1
serial
M4
preferred
0 IRREGULAR 0 8 32 2 1 0 0 2378357214 2677656068 full
2
2
serial
K512
lloaded
10 STRIDED 0 16 16 1 2 32 0 3036175176 765425855 none
3 STREAMING 0 128 1 2 1 0 1 979545292 3036175176 llc
1
serial
M8
preferred
1 IRREGULAR 1 16 4 2 2 0 0 2706838073 3411826715 recall
1
2
p2p
K1
preferred
7 STREAMING 0 4 2 2 1 0 1 1496733577 1740891363 none
9 IRREGULAR 0 4 8 8 1 0 0 1817291952 1496733577 none
3
3
serial
M8
lloaded
11 IRREGULAR 0 32 4 2 1 0 0 1785434884 2508528989 none
9 STREAMING 0 16 4 1 2 0 1 2260381071 1785434884 full
7 STREAMING 0 128 2 8 1 0 1 1448748244 2260381071 none
5
p2p
K2
balanced
8 IRREGULAR 0 128 4 4 1 0 0 3803107034 2632869078 none
5 STRIDED 0 128 16 4 1 256 1 2449700245 3803107034 none
4 STREAMING 0 128 8 2 1 0 0 1620383039 2449700245 none
6 IRREGULAR 0 128 1 1 1 0 0 3822945677 1620383039 none
1 STRIDED 0 128 1 1 1 256 1 1548593690 3822945677 none
3
serial
M4
lloaded
10 IRREGULAR 0 32 4 1 2 0 0 3463595857 2720123873 full
0 STRIDED 0 4 16 8 1 64 0 4288501064 3463595857 none
3 STRIDED 0 64 4 4 1 128 1 4043549330 4288501064 llc
10
3
p2p
K128
balanced
3 STRIDED 0 256 16 8 2 512 1 823646093 3165409319 none
5 STRIDED 0 256 2 1 2 512 0 1880496315 823646093 none
1 STREAMING 0 256 32 4 2 0 1 775832230 1880496315 none
1
serial
K8
balanced
9 IRREGULAR 0 4 32 2 1 0 0 963508651 4227288266 recall
1
serial
K2
preferred
4 IRREGULAR 1 4 2 1 1 0 0 3792534088 893852825 recall
1
serial
K8
preferred
2 STRIDED 0 256 1 8 1 512 0 4043883506 3740484989 recall
1
serial
K8
lloaded
6 IRREGULAR 3 32 1 8 1 0 0 4109302429 1472417745 full
1
serial
K2
balanced
8 STREAMING 0 8 8 4 1 0 1 126741439 16264276 full
1
serial
K64
balanced
11 IRREGULAR 1 8 32 8 2 0 0 3155936813 2433823923 llc
1
serial
K16
preferred
10 STREAMING 0 8 2 1 2 0 1 4217081822 2769241958 full
1
serial
M1
preferred
7 STREAMING 0 256 32 2 2 0 1 812335951 676349283 llc
1
serial
M8
balanced
0 IRREGULAR 0 128 16 8 2 0 0 1152322618 1913777008 none
1
1
serial
K16
balanced
2 STREAMING 0 32 2 4 1 0 0 101988565 1413121340 none
3
3
p2p
K512
preferred
5 IRREGULAR 0 64 2 1 1 0 0 2424209127 2359871175 none
7 STREAMING 0 64 16 8 2 0 0 1439822787 2424209127 none
4 IRREGULAR 0 64 16 8 2 0 0 783949150 1439822787 none
1
serial
K256
balanced
8 STREAMING 0 64 8 8 1 0 0 2351485957 639334371 llc
2
serial
K32
lloaded
11 IRREGULAR 1 4 2 2 2 0 0 357258333 3791530278 none
0 IRREGULAR 0 4 32 1 1 0 0 3747400006 357258333 llc
7
5
serial
M2
lloaded
4 STREAMING 0 16 1 8 2 0 1 2133514447 4083046212 recall
2 STREAMING 0 64 2 2 1 0 0 3148137471 2133514447 full
6 STREAMING 0 256 32 4 1 0 1 3369207186 3148137471 recall
1 STRIDED 0 32 8 4 1 256 1 1857276222 3369207186 none
9 STRIDED 0 32 32 1 2 256 1 580647362 1857276222 none
2
serial
K4
lloaded
10 STREAMING 0 256 1 2 2 0 0 921306885 1763307925 none
0 STRIDED 0 32 16 8 1 128 0 1631431823 921306885 recall
1
serial
M2
lloaded
7 IRREGULAR 2 256 8 4 1 0 0 4152073397 751996685 none
1
serial
K16
balanced
5 IRREGULAR 2 128 2 2 2 0 0 3064042716 2993463319 llc
1
serial
K4
preferred
8 STREAMING 0 4 8 8 1 0 1 1034816442 1008954850 llc
1
serial
K64
preferred
11 STRIDED 0 128 32 2 2 256 0 2669697172 835485065 llc
1
serial
K4
lloaded
3 STRIDED 0 128 32 4 1 256 0 1780216653 3733948946 llc
9
1
serial
K1
balanced
8 IRREGULAR 0 128 2 8 1 0 0 3509714210 2408797897 none
3
serial
K128
preferred
3 STRIDED 0 16 4 2 1 128 1 1959893505 2269169391 none
0 IRREGULAR 3 8 32 1 1 0 0 275314277 1959893505 none
11 IRREGULAR 1 16 32 2 1 0 0 1633943443 275314277 recall
2
p2p
K2
preferred
2 STRIDED 0 8 16 1 1 256 0 1620457328 2937437615 none
6 IRREGULAR 0 8 2 8 1 0 0 4218884789 1620457328 none
1
serial
M2
balanced
4 STRIDED 0 4 32 2 2 256 0 3766327466 225232346 none
1
serial
M1
lloaded
1 IRREGULAR 0 32 4 1 2 0 0 1158805526 1862902397 none
1
serial
K32
preferred
7 STRIDED 0 128 4 2 2 256 0 3295017108 1723163771 llc
1
serial
K4
preferred
10 STREAMING 0 64 1 8 2 0 1 2135033494 1112059926 llc
1
serial
M2
preferred
5 IRREGULAR 0 32 1 1 2 0 0 1253276486 3590485692 recall
1
serial
M1
preferred
9 STRIDED 0 8 2 2 2 512 0 2130472899 3811080930 full
1
8
serial
M2
preferred
11 STREAMING 0 8 8 4 2 0 0 1287799864 1096456079 full
6 STRIDED 0 64 16 2 2 256 0 2686100819 1287799864 none
1 STREAMING 0 128 16 8 2 0 1 2314713123 2686100819 llc
7 STREAMING 0 64 32 4 1 0 0 3862458025 2314713123 none
0 STRIDED 0 8 2 8 2 32 0 3619052608 3862458025 llc
5 STREAMING 0 4 16 2 2 0 0 1340494096 3619052608 full
9 STRIDED 0 64 2 4 2 256 0 3661471703 1340494096 full
8 STREAMING 0 256 16 2 2 0 0 3400995628 3661471703 none
7
1
serial
K8
balanced
0 IRREGULAR 3 256 8 4 1 0 0 1768881295 572541868 full
1
serial
M4
lloaded
6 STRIDED 0 64 16 2 1 256 1 1708693424 831823797 none
1
serial
M2
preferred
9 STREAMING 0 32 4 8 2 0 0 2344497689 3695042403 llc
4
serial
K512
preferred
11 IRREGULAR 0 8 1 1 2 0 0 209569142 3447124633 llc
8 STRIDED 0 64 2 1 1 128 1 3649926688 209569142 recall
4 STRIDED 0 256 16 8 1 512 0 3522476318 3649926688 full
10 STREAMING 0 16 16 1 2 0 0 4071410846 3522476318 none
3
serial
K8
lloaded
2 STRIDED 0 8 4 4 2 64 1 142006647 3363251617 recall
3 IRREGULAR 1 64 16 1 1 0 0 1405882747 142006647 full
5 IRREGULAR 1 32 4 4 1 0 0 1213899601 1405882747 none
1
serial
K256
preferred
1 STRIDED 0 16 32 2 1 256 1 2398054160 215493866 full
1
serial
K8
balanced
7 STRIDED 0 64 2 8 1 128 1 831273184 2991747699 none
1
3
serial
K8
lloaded
3 STREAMING 0 16 8 1 2 0 1 2900751665 2183695295 llc
0 STREAMING 0 256 1 1 2 0 1 4131649797 2900751665 full
6 STREAMING 0 4 2 4 1 0 1 1499860644 4131649797 full
4
2
p2p
M8
preferred
6 STRIDED 0 4 16 8 2 512 0 2357475915 3110623900 none
5 IRREGULAR 0 4 1 4 1 0 0 1189856475 2357475915 none
1
serial
K1
balanced
10 STRIDED 0 128 2 2 1 256 0 1192183890 3421291228 recall
6
serial
K32
lloaded
11 STRIDED 0 32 2 8 1 64 1 2887745126 1720624598 full
9 STRIDED 0 128 2 4 1 256 0 1082894544 2887745126 full
0 IRREGULAR 2 128 4 4 1 0 0 2461198635 1082894544 none
8 IRREGULAR 2 256 16 2 1 0 0 1503783506 2461198635 none
3 STRIDED 0 8 1 8 1 512 0 1088401035 1503783506 llc
7 IRREGULAR 0 8 4 1 1 0 0 2327043334 1088401035 none
1
serial
K16
preferred
1 STRIDED 0 64 8 2 1 128 0 1326057012 1224307780 none
