FFT OUTPUTS:
13 832
-0.000000 0.000000
0.000001 -0.000001
-0.000001 -0.000000
-0.000001 0.000002
0.000000 0.000001
0.000000 0.000000
8.875204 0.000002
8.875200 -0.000001
-8.875202 -0.000001
-8.875201 -0.000001
8.875203 -0.000001
8.875201 0.000001
-8.875201 -0.000001
8.875202 0.000001
-8.875201 -0.000001
8.875203 -0.000000
8.875203 0.000000
8.875201 -0.000001
8.875202 -0.000002
8.875203 -0.000001
8.875204 -0.000000
-8.875202 -0.000001
-8.875203 -0.000001
8.875204 -0.000002
8.875202 -0.000000
-8.875201 0.000001
8.875201 0.000000
-8.875201 0.000000
8.875202 0.000003
8.875200 0.000001
8.875202 0.000001
8.875202 -0.000001
0.000000 -0.000000
8.875201 0.000000
-8.875201 0.000001
-8.875202 0.000003
8.875202 0.000001
8.875204 -0.000000
-8.875202 0.000002
8.875202 -0.000001
-8.875202 -0.000001
8.875201 -0.000000
-8.875201 -0.000001
-8.875201 0.000002
-8.875203 -0.000001
-8.875200 -0.000002
-8.875203 -0.000001
8.875201 0.000001
8.875203 -0.000001
-8.875201 0.000001
-8.875202 0.000002
8.875203 -0.000002
-8.875204 -0.000001
8.875202 0.000000
-8.875205 0.000001
8.875202 -0.000001
8.875202 0.000000
8.875199 -0.000001
8.875201 -0.000001
0.000001 0.000000
0.000000 0.000001
0.000002 -0.000000
0.000000 0.000000
0.000000 -0.000001
-0.000000 0.000000
0.000000 0.000001
-0.000001 0.000000
-0.000001 0.000001
0.000000 0.000000
0.000000 0.000000
8.875202 0.000001
8.875201 -0.000001
-8.875202 -0.000001
-8.875202 -0.000001
8.875203 -0.000002
8.875201 0.000001
-8.875201 -0.000001
8.875202 0.000001
-8.875201 -0.000000
8.875203 0.000000
8.875203 0.000000
8.875202 -0.000002
8.875202 -0.000001
8.875203 -0.000001
8.875204 -0.000000
-8.875201 -0.000000
-8.875204 -0.000001
8.875205 -0.000003
8.875202 -0.000001
-8.875202 0.000001
8.875201 -0.000000
-8.875202 0.000000
8.875202 0.000002
8.875199 0.000002
8.875202 0.000001
8.875203 -0.000001
0.000000 -0.000000
8.875202 -0.000002
-8.875201 0.000001
-8.875202 0.000002
8.875202 0.000001
8.875203 -0.000000
-8.875202 0.000002
8.875203 -0.000000
-8.875202 -0.000001
8.875202 0.000000
-8.875201 -0.000001
-8.875201 0.000001
-8.875203 -0.000001
-8.875202 -0.000003
-8.875203 -0.000001
8.875201 0.000001
8.875203 -0.000001
-8.875202 0.000002
-8.875202 0.000001
8.875203 -0.000001
-8.875204 -0.000001
8.875201 0.000000
-8.875204 0.000000
8.875203 -0.000000
8.875202 0.000001
8.875200 -0.000001
8.875201 0.000000
0.000002 0.000001
0.000000 0.000002
0.000003 -0.000001
0.000000 0.000000
0.000000 -0.000001
0.000001 -0.000000
0.000000 0.000000
0.000000 0.000001
0.000000 0.000001
0.000000 0.000000
0.000000 0.000001
8.875201 -0.000000
8.875200 -0.000001
-8.875201 -0.000002
8.875202 0.000000
8.875202 0.000000
8.875201 0.000001
-8.875200 -0.000002
8.875204 0.000002
8.875205 0.000000
8.875202 0.000001
-8.875203 0.000001
-8.875201 -0.000000
8.875204 -0.000001
8.875203 -0.000002
8.875204 -0.000000
-8.875203 0.000000
-8.875203 0.000001
8.875203 -0.000001
8.875204 0.000001
8.875201 -0.000000
8.875200 -0.000001
8.875201 -0.000000
8.875203 0.000002
8.875199 -0.000000
8.875202 -0.000002
8.875200 0.000000
0.000000 -0.000000
8.875202 -0.000000
-8.875200 0.000002
8.875204 -0.000001
-8.875204 0.000000
8.875204 -0.000001
8.875203 -0.000001
8.875204 -0.000001
8.875203 0.000000
-8.875200 -0.000001
-8.875202 0.000000
-8.875199 -0.000000
8.875202 0.000000
-8.875202 -0.000001
8.875201 0.000001
-8.875202 0.000000
8.875203 -0.000000
8.875203 -0.000000
8.875202 -0.000001
-8.875203 0.000003
8.875204 -0.000001
-8.875203 -0.000000
8.875203 0.000001
8.875201 -0.000001
8.875202 -0.000000
8.875203 -0.000000
8.875204 -0.000000
0.000001 0.000000
0.000000 -0.000001
0.000003 -0.000001
0.000001 -0.000001
0.000000 0.000001
-0.000000 -0.000001
0.000000 -0.000000
0.000000 -0.000000
-0.000001 -0.000001
0.000000 -0.000000
0.000000 0.000001
-8.875202 0.000001
-8.875203 0.000001
8.875202 -0.000000
-8.875200 -0.000000
-8.875200 0.000001
8.875201 -0.000002
8.875203 0.000001
-8.875201 -0.000001
8.875202 0.000000
-8.875202 -0.000000
-8.875202 0.000001
8.875202 -0.000002
-8.875202 0.000001
-8.875202 0.000002
8.875203 -0.000001
-8.875203 0.000000
-8.875204 0.000001
8.875202 -0.000002
-8.875202 0.000000
8.875203 0.000000
8.875201 0.000000
-8.875200 -0.000000
8.875202 -0.000001
8.875202 0.000001
8.875201 -0.000001
-8.875203 0.000001
0.000000 0.000000
-8.875201 0.000001
-8.875203 0.000001
-8.875204 0.000002
8.875204 -0.000001
-8.875202 0.000002
8.875202 0.000001
8.875201 -0.000001
8.875202 0.000001
8.875202 -0.000000
8.875200 -0.000002
8.875203 -0.000002
8.875203 0.000001
-8.875201 -0.000002
-8.875202 -0.000001
-8.875200 0.000001
8.875202 -0.000001
-8.875202 0.000002
8.875204 -0.000001
-8.875204 0.000003
8.875203 0.000001
-8.875203 0.000001
-8.875204 0.000000
8.875200 -0.000002
-8.875202 -0.000000
8.875201 -0.000001
-8.875201 0.000000
0.000000 -0.000001
0.000001 -0.000002
0.000000 0.000000
0.000003 -0.000001
-0.000001 0.000002
0.000000 0.000000
0.000000 -0.000000
-0.000001 0.000000
0.000000 0.000001
0.000000 0.000001
0.000000 -0.000001
8.875202 -0.000001
-8.875202 0.000001
-8.875201 0.000001
-8.875201 -0.000000
-8.875201 0.000000
8.875200 0.000002
-8.875202 -0.000001
8.875202 0.000003
-8.875200 -0.000001
8.875204 -0.000002
-8.875203 0.000001
-8.875202 0.000000
-8.875203 0.000001
-8.875202 0.000001
-8.875203 -0.000001
-8.875203 0.000001
-8.875204 0.000002
-8.875203 0.000003
8.875200 0.000001
8.875203 0.000001
8.875201 0.000000
8.875198 -0.000001
8.875202 0.000001
-8.875202 -0.000002
8.875204 -0.000000
8.875202 -0.000002
-0.000000 0.000000
-8.875202 0.000002
-8.875201 0.000001
8.875202 -0.000001
8.875204 -0.000001
-8.875204 0.000000
-8.875202 0.000001
8.875202 -0.000001
-8.875203 -0.000001
8.875201 -0.000000
-8.875203 0.000002
-8.875200 -0.000001
-8.875202 -0.000002
-8.875200 -0.000001
8.875200 -0.000001
8.875202 -0.000001
8.875203 -0.000000
-8.875202 -0.000000
-8.875203 0.000001
-8.875202 0.000002
8.875203 -0.000000
-8.875203 0.000001
8.875202 -0.000001
8.875201 -0.000000
-8.875202 0.000001
8.875201 -0.000001
8.875203 -0.000001
0.000003 -0.000000
0.000000 0.000002
0.000001 0.000001
-0.000000 -0.000001
0.000000 0.000001
0.000000 0.000000
-0.000000 -0.000001
0.000000 -0.000001
-0.000002 0.000001
0.000000 -0.000000
0.000001 0.000001
-8.875202 0.000001
8.875201 -0.000001
8.875202 -0.000001
-8.875200 -0.000001
-8.875202 0.000002
8.875203 0.000000
8.875204 0.000001
-8.875199 -0.000001
-8.875204 -0.000001
8.875201 -0.000000
8.875204 -0.000001
-8.875202 0.000001
-8.875203 0.000003
-8.875202 0.000003
-8.875203 0.000000
-8.875204 -0.000001
8.875202 -0.000001
8.875202 0.000001
8.875202 -0.000000
8.875203 0.000001
-8.875202 0.000002
8.875203 -0.000002
8.875202 -0.000001
8.875200 0.000002
8.875202 0.000002
-8.875203 -0.000001
-0.000000 0.000000
8.875204 -0.000001
8.875202 -0.000002
8.875200 -0.000002
8.875204 0.000001
-8.875203 0.000001
-8.875202 0.000001
8.875203 -0.000000
-8.875202 -0.000001
8.875202 -0.000001
8.875202 -0.000000
8.875203 -0.000002
-8.875204 -0.000002
-8.875201 -0.000002
-8.875204 -0.000001
-8.875199 0.000002
-8.875204 0.000001
-8.875202 -0.000000
8.875203 -0.000003
8.875202 -0.000001
-8.875203 0.000000
-8.875202 -0.000000
-8.875202 -0.000000
-8.875202 0.000001
8.875202 0.000001
8.875201 -0.000001
-8.875202 0.000000
0.000001 -0.000001
0.000002 0.000000
0.000000 0.000000
0.000001 0.000002
0.000001 0.000001
0.000001 -0.000000
-0.000001 0.000000
-0.000000 0.000000
-0.000000 -0.000000
0.000000 -0.000001
0.000000 0.000000
8.875202 -0.000002
8.875203 -0.000001
-8.875204 -0.000001
-8.875200 -0.000001
-8.875201 0.000002
-8.875200 -0.000000
8.875201 0.000001
-8.875204 0.000002
8.875202 0.000001
-8.875202 0.000001
8.875204 -0.000000
8.875202 -0.000001
8.875202 -0.000003
8.875200 -0.000003
8.875204 -0.000001
-8.875201 -0.000001
8.875204 -0.000001
-8.875201 -0.000001
-8.875203 0.000002
-8.875200 0.000001
8.875203 -0.000002
-8.875202 0.000002
-8.875202 -0.000002
-8.875202 0.000000
-8.875200 -0.000001
8.875200 0.000002
0.000001 -0.000001
-8.875203 0.000001
-8.875202 0.000003
8.875202 -0.000002
8.875202 -0.000001
-8.875202 0.000001
-8.875206 0.000001
-8.875201 0.000003
-8.875202 0.000001
8.875200 0.000001
8.875199 -0.000001
8.875202 -0.000001
8.875203 0.000002
-8.875202 -0.000000
8.875204 0.000000
-8.875202 -0.000000
8.875202 -0.000001
8.875202 -0.000001
8.875204 -0.000001
-8.875202 0.000002
-8.875202 0.000001
8.875203 -0.000000
8.875204 -0.000002
-8.875203 0.000000
8.875201 -0.000000
8.875200 -0.000002
-8.875201 0.000001
-0.000003 0.000000
0.000001 -0.000000
0.000000 0.000002
-0.000002 -0.000001
-0.000000 0.000000
-0.000000 0.000000
0.000000 0.000001
-0.000002 0.000000
-0.000000 0.000001
0.000001 0.000000
-0.000001 -0.000000
8.875203 -0.000001
8.875201 -0.000001
-8.875202 -0.000000
-8.875201 0.000000
8.875202 0.000000
-8.875201 0.000001
8.875205 0.000000
8.875203 0.000001
-8.875203 0.000001
8.875203 -0.000000
-8.875202 0.000001
8.875202 -0.000002
8.875203 -0.000002
8.875202 -0.000003
-8.875204 0.000000
-8.875202 -0.000000
-8.875202 0.000002
-8.875203 0.000002
8.875203 0.000000
-8.875201 0.000002
8.875201 -0.000001
8.875202 -0.000000
8.875202 -0.000000
8.875201 -0.000001
-8.875203 0.000001
8.875204 -0.000003
-0.000001 -0.000000
8.875204 -0.000003
8.875204 -0.000002
-8.875200 0.000002
8.875204 -0.000000
-8.875201 0.000001
-8.875201 0.000001
-8.875205 0.000003
8.875202 -0.000001
8.875201 0.000000
-8.875202 0.000001
8.875199 -0.000003
8.875203 -0.000001
8.875201 -0.000002
-8.875203 0.000001
8.875203 -0.000004
-8.875202 0.000001
-8.875202 0.000002
8.875201 -0.000002
-8.875200 0.000003
-8.875204 0.000002
8.875202 0.000000
8.875204 -0.000003
-8.875203 0.000002
8.875203 -0.000001
-8.875203 -0.000000
-8.875201 0.000001
-0.000001 -0.000001
0.000001 -0.000002
0.000001 -0.000001
-0.000001 0.000002
0.000002 -0.000001
0.000000 0.000000
-0.000001 0.000001
-0.000001 -0.000000
0.000000 -0.000000
-0.000001 0.000001
-0.000001 0.000000
-8.875203 0.000001
-8.875201 0.000002
-8.875201 0.000000
8.875202 0.000000
8.875202 -0.000000
-8.875202 0.000002
8.875203 0.000000
-8.875201 -0.000001
-8.875204 -0.000000
-8.875202 0.000001
-8.875203 0.000002
8.875201 -0.000000
-8.875203 0.000001
8.875200 -0.000002
8.875202 -0.000002
8.875202 -0.000001
8.875204 -0.000003
-8.875202 0.000001
8.875203 0.000000
-8.875201 0.000000
-8.875202 -0.000000
8.875200 -0.000002
8.875202 -0.000001
8.875202 0.000002
-8.875202 0.000002
8.875202 -0.000000
-0.000000 0.000000
8.875201 -0.000002
-8.875203 0.000002
8.875202 -0.000004
8.875202 -0.000001
-8.875203 0.000000
8.875203 -0.000002
-8.875199 0.000001
8.875201 0.000000
-8.875200 0.000000
-8.875202 0.000000
-8.875200 0.000001
8.875203 -0.000000
-8.875203 -0.000001
-8.875202 0.000002
-8.875202 0.000000
8.875203 -0.000002
8.875201 -0.000000
8.875201 -0.000002
-8.875204 0.000002
-8.875204 0.000001
8.875204 0.000000
-8.875204 0.000000
-8.875202 0.000002
-8.875203 0.000000
-8.875199 0.000001
-8.875202 0.000002
-0.000001 -0.000000
0.000000 -0.000001
0.000000 0.000001
-0.000002 0.000002
0.000000 0.000001
0.000001 -0.000000
-0.000001 -0.000001
-0.000001 -0.000001
0.000000 0.000001
0.000000 0.000000
0.000001 -0.000001
-8.875202 0.000000
8.875201 -0.000002
8.875202 -0.000001
-8.875202 0.000001
-8.875201 0.000001
8.875202 -0.000000
8.875201 0.000002
8.875201 0.000001
-8.875202 -0.000001
-8.875199 -0.000001
8.875203 -0.000001
-8.875202 0.000001
-8.875202 0.000003
-8.875202 0.000003
8.875203 -0.000001
8.875202 0.000001
8.875203 -0.000001
8.875202 -0.000003
-8.875202 0.000001
8.875202 -0.000001
-8.875201 0.000002
-8.875201 0.000003
-8.875203 -0.000001
-8.875202 -0.000001
-8.875200 0.000002
8.875201 0.000001
0.000001 -0.000000
-8.875202 0.000002
-8.875204 0.000002
8.875203 -0.000002
-8.875204 -0.000000
-8.875204 0.000002
-8.875206 0.000002
8.875203 -0.000003
8.875202 -0.000001
8.875200 -0.000002
8.875199 0.000000
-8.875200 0.000000
-8.875201 -0.000001
-8.875201 0.000001
8.875202 0.000000
8.875199 -0.000001
8.875203 -0.000001
8.875202 -0.000002
8.875204 -0.000003
-8.875202 0.000003
8.875203 -0.000001
-8.875202 0.000000
8.875205 -0.000002
8.875202 -0.000002
-8.875202 0.000001
-8.875202 0.000001
-8.875203 0.000001
0.000002 0.000001
0.000001 0.000001
0.000000 0.000000
-0.000002 0.000000
-0.000001 -0.000000
0.000000 -0.000000
-0.000000 0.000000
0.000001 -0.000000
-0.000000 -0.000000
-0.000000 0.000000
-0.000000 0.000001
-8.875202 0.000003
8.875201 -0.000002
-8.875202 0.000000
8.875201 -0.000002
-8.875200 0.000002
-8.875202 0.000002
8.875202 0.000001
-8.875201 0.000000
-8.875200 0.000000
8.875202 0.000000
8.875203 -0.000002
8.875202 -0.000001
8.875200 -0.000002
8.875204 -0.000003
-8.875202 0.000002
-8.875202 -0.000001
-8.875202 0.000002
-8.875202 0.000002
-8.875201 0.000001
-8.875200 0.000001
8.875201 -0.000002
-8.875202 0.000002
8.875200 0.000000
8.875200 0.000001
8.875204 0.000000
8.875200 -0.000001
-0.000000 -0.000000
-8.875202 0.000001
8.875202 -0.000002
-8.875202 0.000001
-8.875202 0.000000
8.875202 0.000000
-8.875202 0.000000
-8.875201 0.000002
8.875200 0.000000
8.875203 -0.000001
8.875200 -0.000002
-8.875204 0.000004
-8.875202 -0.000002
-8.875203 -0.000001
8.875202 -0.000001
-8.875206 -0.000001
-8.875203 0.000002
-8.875202 0.000002
-8.875202 0.000001
8.875200 -0.000002
8.875204 -0.000001
8.875202 -0.000001
8.875202 -0.000001
8.875202 -0.000003
-8.875203 0.000001
8.875202 -0.000001
-8.875203 0.000002
-0.000001 0.000001
0.000001 -0.000001
0.000001 0.000001
-0.000001 -0.000001
0.000002 -0.000001
0.000000 0.000001
0.000000 -0.000000
-0.000000 0.000001
-0.000001 0.000000
-0.000000 -0.000000
0.000000 -0.000000
-8.875201 0.000003
8.875202 -0.000002
8.875201 -0.000000
-8.875202 0.000000
-8.875201 0.000000
-8.875200 0.000002
8.875204 -0.000001
-8.875203 0.000000
-8.875202 0.000000
8.875201 0.000000
-8.875204 0.000002
8.875202 -0.000003
8.875201 -0.000002
8.875202 -0.000003
8.875203 -0.000001
8.875203 -0.000001
-8.875202 0.000002
-8.875202 0.000003
-8.875202 -0.000001
-8.875201 0.000002
8.875203 -0.000001
8.875201 -0.000000
8.875203 -0.000001
-8.875202 0.000001
-8.875199 -0.000000
8.875200 -0.000001
0.000000 -0.000000
8.875202 -0.000001
-8.875204 0.000003
8.875203 -0.000003
-8.875204 0.000000
8.875204 -0.000002
-8.875203 0.000002
-8.875200 0.000003
8.875203 -0.000000
8.875202 -0.000000
8.875199 -0.000001
8.875200 -0.000003
8.875202 -0.000001
-8.875201 0.000000
8.875204 0.000001
-8.875199 -0.000001
8.875204 -0.000002
-8.875202 0.000002
8.875203 -0.000003
-8.875200 0.000003
8.875203 -0.000002
8.875203 -0.000001
-8.875202 0.000002
-8.875202 0.000003
8.875202 -0.000002
-8.875203 0.000001
8.875201 -0.000003
-0.000003 -0.000001
0.000001 -0.000001
-0.000002 0.000002
-0.000001 -0.000001
0.000001 -0.000001
0.629636 0.692094
0.459823 1.083949
0.284009 1.061753
0.572440 1.261745
0.538086 2.240319
-0.637301 3.220160
6.356446 3.157205
4.651027 1.892933
3.716487 -0.441658
4.549448 -3.472538
7.852779 -5.276027
-6.205348 -3.514070
-6.055531 0.527055
8.095209 1.867147
6.065648 -1.468004
-8.431574 -4.436157
-4.164883 -1.736881
12.206953 3.591471
-11.186941 3.911765
4.708133 -1.338907
9.171888 -4.341568
-4.810153 -0.844257
-7.299541 3.306678
6.242843 1.657121
7.349654 -2.563563
-5.898810 -1.938822
-5.620861 3.003359
7.199722 4.739691
4.036058 0.774875
6.384304 -2.947303
-8.123119 -1.934092
9.090592 0.511701
-1.840217 -0.037490
7.436049 -1.972500
-8.811932 -1.757949
8.221747 -0.824253
6.918812 -2.706390
-8.488305 -5.819298
-3.387341 -5.032841
-1.169517 0.195714
-4.112058 4.634545
-8.357557 4.720242
7.677036 2.513618
7.867476 1.102573
-9.645550 0.426229
8.761829 -0.331422
-7.523051 -0.005258
10.558640 2.049014
-9.360069 3.500306
5.898804 2.155461
5.855774 -0.409601
7.430970 -1.285221
-9.816345 -0.741673
7.394345 -1.182708
8.113516 -2.651664
-7.440035 -2.766519
-6.181226 -0.909494
10.790431 0.729864
-8.062925 0.740813
0.808539 0.317965
1.064852 0.683295
0.590952 1.140546
0.060097 0.840247
0.270357 0.436664
