FFT INPUTS:
13 832
1.386750 -0.000000
-0.045452 -1.067910
0.352787 -0.986549
0.859403 0.734848
0.187371 0.247493
0.530949 -0.778415
-1.021813 -0.489738
-0.340062 -0.942288
0.865698 -0.229764
0.473383 0.036178
0.008777 -1.020690
-1.214171 -0.420506
0.217228 -0.519482
0.520697 -0.132587
-0.199543 1.425866
1.058271 -0.036349
0.554700 -0.554700
0.327654 0.872824
-0.507718 0.348783
-1.164982 0.578905
0.729704 0.819683
0.617331 0.125335
-0.535264 0.721431
-0.501051 -0.193514
-0.310998 -1.339165
-1.081772 -0.147029
-1.130030 -0.181954
0.666294 -0.657124
-0.024903 0.477258
-0.815521 1.021791
0.814003 0.939632
0.109028 0.866216
-1.386750 0.000000
0.109028 -0.866216
0.814003 -0.939632
-0.815521 -1.021791
-0.024903 -0.477257
0.666294 0.657124
-1.130029 0.181954
-1.081772 0.147028
-0.310998 1.339165
-0.501051 0.193514
-0.535264 -0.721431
0.617331 -0.125335
0.729704 -0.819683
-1.164982 -0.578905
-0.507718 -0.348783
0.327654 -0.872824
0.554700 0.554700
1.058271 0.036349
-0.199543 -1.425866
0.520697 0.132586
0.217228 0.519482
-1.214171 0.420505
0.008777 1.020689
0.473383 -0.036178
0.865699 0.229764
-0.340062 0.942288
-1.021813 0.489738
0.530949 0.778415
0.187371 -0.247493
0.859402 -0.734848
0.352787 0.986549
-0.045452 1.067910
1.386750 -0.000000
-0.045452 -1.067910
0.352787 -0.986549
0.859402 0.734848
0.187371 0.247493
0.530949 -0.778415
-1.021813 -0.489738
-0.340062 -0.942288
0.865699 -0.229764
0.473383 0.036178
0.008777 -1.020690
-1.214171 -0.420506
0.217228 -0.519482
0.520697 -0.132587
-0.199543 1.425866
1.058271 -0.036349
0.554700 -0.554700
0.327654 0.872824
-0.507718 0.348783
-1.164982 0.578905
0.729704 0.819683
0.617331 0.125335
-0.535264 0.721431
-0.501051 -0.193514
-0.310998 -1.339165
-1.081772 -0.147029
-1.130030 -0.181954
0.666294 -0.657124
-0.024903 0.477258
-0.815520 1.021791
0.814003 0.939632
0.109028 0.866216
-1.386750 0.000000
0.109028 -0.866216
0.814003 -0.939632
-0.815521 -1.021791
-0.024903 -0.477257
0.666294 0.657124
-1.130029 0.181954
-1.081772 0.147028
-0.310998 1.339165
-0.501051 0.193514
-0.535264 -0.721431
0.617331 -0.125335
0.729704 -0.819683
-1.164982 -0.578905
-0.507718 -0.348783
0.327654 -0.872824
0.554700 0.554700
1.058271 0.036349
-0.199543 -1.425866
0.520697 0.132586
0.217228 0.519482
-1.214171 0.420505
0.008777 1.020689
0.473383 -0.036178
0.865699 0.229764
-0.340062 0.942288
-1.021813 0.489738
0.530949 0.778415
0.187371 -0.247493
0.859402 -0.734848
0.352787 0.986549
-0.045452 1.067910
3.050851 -0.000000
0.419040 -0.420352
0.368594 -0.817132
1.241865 -0.349355
-0.683689 -0.346217
-0.347625 -0.086318
-1.050264 -0.086404
-0.557619 -1.095093
0.588348 -0.277350
0.265836 0.345042
1.141758 -0.567464
0.739230 -0.245037
-0.745863 0.166259
-1.543007 0.686897
0.193302 0.771641
1.270080 -0.883903
-0.554700 -0.554700
-0.049224 0.471447
0.014869 -0.355249
-0.449784 0.107853
0.191162 0.558491
-0.402553 -0.346103
0.699976 -0.284752
0.836554 0.242353
-0.588348 0.277350
-0.184856 0.095680
-0.007005 0.655837
0.251436 0.937182
0.128989 0.046015
-1.058490 0.846038
-1.361230 0.734307
-0.430883 -1.559269
0.277350 -0.000000
-0.430883 1.559269
-1.361230 -0.734307
-1.058490 -0.846038
0.128989 -0.046015
0.251436 -0.937181
-0.007005 -0.655837
-0.184856 -0.095680
-0.588348 -0.277350
0.836554 -0.242353
0.699975 0.284752
-0.402553 0.346103
0.191162 -0.558491
-0.449785 -0.107854
0.014869 0.355249
-0.049224 -0.471447
-0.554700 0.554700
1.270080 0.883903
0.193302 -0.771641
-1.543007 -0.686898
-0.745863 -0.166259
0.739230 0.245036
1.141758 0.567464
0.265836 -0.345042
0.588348 0.277350
-0.557619 1.095093
-1.050264 0.086404
-0.347626 0.086318
-0.683689 0.346217
1.241866 0.349356
0.368595 0.817132
0.419040 0.420352
-0.277350 0.000000
0.660238 0.487668
0.217150 0.413780
-0.714371 0.049027
-0.934973 -1.054809
-1.302670 -1.091812
0.103682 -0.773751
0.388500 -0.728690
-0.243702 0.392232
-0.354928 0.101555
-0.145796 -0.944608
0.108824 -0.437155
-0.364427 0.182418
-0.026777 0.158950
-0.841036 -0.029621
-0.646345 0.153297
1.109400 -0.000000
0.144647 0.354997
0.236530 0.779578
0.383176 -0.195791
-0.027805 0.966882
1.581201 1.122803
1.050504 -1.329258
-1.090499 -0.217278
-1.420399 0.392232
0.031973 0.061877
-0.223926 1.060400
-0.811905 -0.641255
1.327206 -0.270345
0.782521 0.803685
-0.397108 -0.995822
0.866412 -0.420031
1.386751 -0.000000
0.866412 0.420031
-0.397108 0.995822
0.782520 -0.803685
1.327206 0.270345
-0.811905 0.641255
-0.223926 -1.060400
0.031973 -0.061878
-1.420399 -0.392232
-1.090498 0.217278
1.050504 1.329258
1.581201 -1.122803
-0.027805 -0.966882
0.383176 0.195791
0.236530 -0.779578
0.144647 -0.354997
1.109400 -0.000000
-0.646345 -0.153297
-0.841036 0.029620
-0.026777 -0.158951
-0.364427 -0.182418
0.108824 0.437155
-0.145796 0.944608
-0.354928 -0.101555
-0.243702 -0.392232
0.388501 0.728690
0.103682 0.773751
-1.302670 1.091812
-0.934973 1.054809
-0.714371 -0.049026
0.217150 -0.413780
0.660238 -0.487668
-0.832050 0.000000
0.018772 0.649218
1.299549 -0.895680
0.697968 -0.615123
-0.175004 -1.051907
-0.827342 -0.490113
-1.278788 1.222246
-0.111251 -0.343801
0.310998 -0.554700
0.805237 0.915273
0.026802 0.315778
-1.168081 -0.823049
0.367329 -1.482260
-0.101620 -0.911626
-0.271781 -0.174097
0.480049 -0.641327
-0.000000 -1.109400
0.873560 -0.555249
0.119220 -0.096077
0.090054 -0.865617
0.579603 -0.143095
-0.845943 0.716908
0.001411 0.053697
-0.016123 1.148148
-0.865698 0.554700
-0.493802 -0.810942
-0.318354 0.635229
0.607400 -0.419471
0.337472 -0.822143
-0.021366 1.749300
0.421941 1.076205
0.012488 -0.614592
-0.277350 0.000000
0.012488 0.614592
0.421941 -1.076205
-0.021366 -1.749300
0.337472 0.822143
0.607400 0.419472
-0.318354 -0.635229
-0.493802 0.810942
-0.865699 -0.554700
-0.016123 -1.148148
0.001411 -0.053697
-0.845943 -0.716908
0.579604 0.143095
0.090055 0.865617
0.119220 0.096077
0.873560 0.555249
0.000000 1.109400
0.480049 0.641327
-0.271781 0.174097
-0.101620 0.911626
0.367329 1.482260
-1.168081 0.823049
0.026802 -0.315778
0.805237 -0.915273
0.310998 0.554700
-0.111251 0.343801
-1.278788 -1.222246
-0.827342 0.490113
-0.175004 1.051908
0.697968 0.615123
1.299549 0.895680
0.018772 -0.649219
-0.000000 0.000000
0.989682 -0.571847
1.533888 -0.002634
0.380798 -0.149283
-0.653832 -0.593710
-0.675156 -0.083632
0.146735 0.307490
1.282966 0.764716
0.473466 1.061815
-1.777670 -0.212084
-1.045721 -0.594617
-0.787369 0.994936
-0.987994 0.685741
0.675468 -0.474662
-0.706078 0.903834
-0.213217 1.140834
0.832050 -1.109400
-0.930988 -0.862616
0.890139 0.953641
0.760207 0.361297
-0.351171 -0.261192
0.391459 0.736568
-1.188245 0.864791
-0.489455 0.330588
0.081234 0.507114
-0.400708 0.438476
0.518302 -0.126966
0.406029 -0.441614
0.883596 -0.431242
0.417493 -0.062809
-0.149020 0.372109
-0.029538 0.343520
-0.554700 0.000000
-0.029538 -0.343519
-0.149020 -0.372109
0.417493 0.062809
0.883596 0.431242
0.406029 0.441614
0.518302 0.126966
-0.400708 -0.438476
0.081234 -0.507114
-0.489455 -0.330589
-1.188245 -0.864791
0.391459 -0.736568
-0.351170 0.261192
0.760207 -0.361297
0.890139 -0.953641
-0.930988 0.862616
0.832050 1.109400
-0.213217 -1.140834
-0.706077 -0.903834
0.675469 0.474662
-0.987994 -0.685741
-0.787369 -0.994936
-1.045721 0.594617
-1.777670 0.212084
0.473466 -1.061815
1.282966 -0.764716
0.146735 -0.307491
-0.675156 0.083632
-0.653832 0.593710
0.380798 0.149283
1.533888 0.002634
0.989682 0.571847
0.000000 0.000000
-0.624843 0.459963
-1.217689 -0.031660
-0.787448 0.454763
0.810938 0.708592
1.293089 -0.790087
-0.079583 0.082849
0.116697 0.710627
-0.081234 0.507114
-0.846715 1.237463
-0.114581 -1.101182
-0.022859 -1.526706
0.660838 -0.016158
0.610487 -0.967959
-0.255331 -1.241291
0.728913 -0.831049
-0.277350 0.000000
-0.673004 -0.583885
1.058102 -0.499051
0.274527 1.128891
0.448563 -0.408391
1.127526 -0.433712
0.076461 0.025708
-0.110791 -0.685579
-0.473466 1.061815
-0.368205 0.172453
-0.207233 -1.468590
-0.588338 -0.362130
0.298462 0.316360
-0.338054 0.317647
-1.478947 0.251052
0.209018 0.523066
1.664101 -0.000000
0.209018 -0.523066
-1.478947 -0.251052
-0.338054 -0.317647
0.298462 -0.316360
-0.588338 0.362131
-0.207233 1.468590
-0.368204 -0.172453
-0.473466 -1.061815
-0.110791 0.685579
0.076461 -0.025708
1.127526 0.433712
0.448563 0.408391
0.274527 -1.128891
1.058102 0.499051
-0.673003 0.583885
-0.277350 0.000000
0.728913 0.831049
-0.255331 1.241291
0.610487 0.967959
0.660837 0.016158
-0.022859 1.526706
-0.114581 1.101182
-0.846715 -1.237463
-0.081234 -0.507114
0.116697 -0.710627
-0.079583 -0.082849
1.293089 0.790087
0.810938 -0.708592
-0.787448 -0.454763
-1.217689 0.031660
-0.624843 -0.459963
0.554700 -0.000000
0.489444 -0.282978
0.242858 0.376287
0.310707 -0.411120
0.576389 -0.841203
0.425784 -1.411160
0.135342 0.052107
-0.478664 1.236328
-0.473466 0.439818
0.618980 1.274849
0.353255 -0.115017
-0.626629 -0.283002
-0.386389 1.205222
-0.088709 -0.126736
0.627554 -0.211303
1.167451 -0.353842
0.277350 -0.000000
0.353608 0.546524
0.319379 0.230736
-1.179332 1.045405
-0.723011 -1.080875
0.238555 -0.920017
-0.190787 1.736624
0.183208 -0.583857
-0.081234 -1.224283
-0.564012 0.162086
0.027126 -0.774581
-1.246724 -1.263711
-1.685790 -0.908500
0.597419 -0.023444
0.704074 0.358797
-0.201085 -0.167077
0.000000 0.000000
-0.201085 0.167077
0.704074 -0.358797
0.597419 0.023443
-1.685790 0.908500
-1.246724 1.263711
0.027126 0.774582
-0.564012 -0.162086
-0.081234 1.224283
0.183209 0.583857
-0.190787 -1.736624
0.238555 0.920017
-0.723011 1.080875
-1.179333 -1.045405
0.319379 -0.230736
0.353608 -0.546523
0.277350 -0.000000
1.167451 0.353842
0.627554 0.211303
-0.088709 0.126736
-0.386389 -1.205222
-0.626629 0.283001
0.353255 0.115016
0.618980 -1.274850
-0.473466 -0.439818
-0.478664 -1.236328
0.135342 -0.052107
0.425785 1.411160
0.576389 0.841203
0.310706 0.411120
0.242858 -0.376287
0.489444 0.282978
-0.832050 0.000000
1.105070 -0.624540
0.572991 -0.335891
-0.201399 -0.468824
0.828836 0.733496
-0.270537 1.197998
0.532717 -1.139388
-0.343281 -1.149526
-0.946932 0.588349
0.055307 0.174691
-0.876800 -0.103666
0.561905 0.387640
0.620665 0.713546
-0.852279 0.536219
0.124091 -0.875820
0.847816 -0.557280
1.386751 0.832050
0.852441 -0.444841
0.088183 -0.783789
0.028871 0.327401
-0.228433 -0.625619
0.267265 -0.349860
0.364324 1.013317
-0.123243 0.293297
-0.162468 0.588348
0.530645 1.103433
-0.020241 -0.806870
-1.527159 -1.073452
-1.221068 0.503731
-1.144525 0.007209
-0.785266 -1.028324
0.213103 -0.596548
0.277350 -0.000000
0.213103 0.596548
-0.785266 1.028325
-1.144525 -0.007209
-1.221068 -0.503731
-1.527159 1.073452
-0.020241 0.806870
0.530645 -1.103433
-0.162468 -0.588348
-0.123243 -0.293297
0.364324 -1.013317
0.267265 0.349860
-0.228433 0.625619
0.028871 -0.327401
0.088183 0.783789
0.852441 0.444841
1.386750 -0.832050
0.847816 0.557280
0.124092 0.875820
-0.852279 -0.536219
0.620665 -0.713546
0.561905 -0.387641
-0.876801 0.103666
0.055307 -0.174691
-0.946932 -0.588348
-0.343281 1.149526
0.532717 1.139388
-0.270537 -1.197998
0.828836 -0.733496
-0.201399 0.468824
0.572991 0.335891
1.105070 0.624540
-0.277350 0.000000
-0.415077 0.407603
-1.167711 0.356413
-0.540662 -0.581442
-0.235126 0.579603
-0.657618 0.993473
0.995372 -0.254725
1.352083 -0.983232
1.061814 -0.865699
0.384474 1.279176
-0.873824 0.734562
-0.438153 -0.873287
0.065076 0.175004
0.438805 -1.506558
-0.479628 -1.348059
-0.602146 1.006413
0.832050 -0.832050
0.113262 -1.055363
0.289763 -0.118415
0.866654 -0.480068
0.489625 0.337472
0.337909 -0.733321
-0.221566 -0.979345
-0.012722 0.674958
-0.507114 -0.310998
-0.274333 -0.562497
0.559547 1.034633
0.157458 0.708890
0.789826 -0.367329
-0.164395 0.020500
-1.320753 0.151721
-0.545541 -0.629221
-0.277350 0.000000
-0.545541 0.629221
-1.320753 -0.151721
-0.164395 -0.020500
0.789826 0.367329
0.157458 -0.708890
0.559546 -1.034633
-0.274333 0.562497
-0.507114 0.310998
-0.012723 -0.674958
-0.221565 0.979345
0.337910 0.733321
0.489625 -0.337472
0.866654 0.480068
0.289763 0.118415
0.113262 1.055363
0.832050 0.832050
-0.602146 -1.006413
-0.479628 1.348059
0.438805 1.506559
0.065076 -0.175004
-0.438153 0.873287
-0.873824 -0.734562
0.384474 -1.279176
1.061815 0.865698
1.352083 0.983232
0.995372 0.254725
-0.657618 -0.993473
-0.235126 -0.579603
-0.540662 0.581442
-1.167712 -0.356412
-0.415077 -0.407603
-0.277350 0.000000
-0.140793 0.049770
0.250080 -0.419354
0.966784 0.668905
0.519482 0.082973
0.070067 -2.527666
0.244442 -1.568087
-0.646525 0.679831
0.114882 0.081234
0.792975 -0.203252
-0.538875 0.340758
-1.161883 -0.295232
-0.477258 -0.749654
0.779310 -0.572913
0.352528 0.028223
-0.244900 0.828071
-0.277350 0.277350
-1.009109 -0.160929
-0.652730 0.703167
0.116760 0.189152
0.247493 -0.912122
-0.941867 -0.558340
-0.185876 -0.818449
1.311848 -1.330624
-0.669582 -0.473466
0.175265 -0.347929
0.480309 -0.833429
-0.800686 0.128043
0.819683 1.029906
-0.597414 0.562058
0.050122 -0.069346
1.330167 -0.189745
-0.277350 0.000000
1.330167 0.189745
0.050122 0.069346
-0.597414 -0.562057
0.819683 -1.029906
-0.800686 -0.128043
0.480309 0.833429
0.175265 0.347929
-0.669582 0.473466
1.311848 1.330624
-0.185876 0.818449
-0.941867 0.558340
0.247493 0.912122
0.116760 -0.189152
-0.652730 -0.703167
-1.009109 0.160929
-0.277350 -0.277350
-0.244900 -0.828071
0.352528 -0.028223
0.779310 0.572913
-0.477257 0.749654
-1.161883 0.295232
-0.538875 -0.340758
0.792975 0.203251
0.114882 -0.081234
-0.646526 -0.679831
0.244442 1.568087
0.070067 2.527666
0.519481 -0.082973
0.966784 -0.668905
0.250080 0.419354
-0.140793 -0.049770
0.554700 -0.000000
0.433481 0.416078
-0.295942 0.032292
-0.772276 0.266143
0.369068 0.099132
0.993812 -0.932601
0.100219 -1.138892
-0.257911 0.577261
-0.669582 1.305517
-0.443022 0.925717
0.742812 0.903561
0.267839 -0.506512
0.613660 -0.433294
1.435937 -0.060932
-0.085873 -0.705913
0.436786 0.103354
1.109400 -0.277350
-0.701368 -0.167246
0.114086 0.181305
0.269729 -0.382876
-1.560592 -0.203530
-0.136865 -0.620654
0.978678 0.256830
0.241832 -0.433449
0.114882 -0.913284
-0.325363 1.536509
-0.252780 0.108243
-0.340322 -0.346726
-0.531536 1.438297
-0.148925 1.294086
-1.301200 0.594575
-0.953364 -1.323838
0.554700 -0.000000
-0.953363 1.323838
-1.301200 -0.594575
-0.148925 -1.294086
-0.531536 -1.438297
-0.340322 0.346726
-0.252780 -0.108242
-0.325363 -1.536510
0.114882 0.913284
0.241832 0.433449
0.978678 -0.256830
-0.136865 0.620653
-1.560592 0.203530
0.269729 0.382876
0.114086 -0.181305
-0.701368 0.167246
1.109400 0.277350
0.436786 -0.103354
-0.085873 0.705913
1.435936 0.060932
0.613660 0.433294
0.267840 0.506512
0.742812 -0.903561
-0.443022 -0.925716
-0.669583 -1.305516
-0.257911 -0.577261
0.100220 1.138892
0.993812 0.932601
0.369068 -0.099132
-0.772276 -0.266142
-0.295942 -0.032292
0.433481 -0.416078
0.832050 -0.000000
-0.262740 -0.366264
-0.029538 0.031644
0.875925 -1.361283
0.357422 0.127249
0.686053 0.342918
0.345565 -0.616587
-0.095629 0.971991
-0.473466 0.392232
-1.182075 -0.022992
-0.249200 0.025254
-0.003403 -0.931723
-0.637674 0.085025
0.066929 1.162739
1.292182 0.282484
1.149867 -0.160177
0.000000 0.000000
1.104750 -1.610159
0.984007 -1.134700
-1.174522 1.026374
0.475206 0.639725
1.098387 0.717274
-0.793242 0.057571
-0.369502 -0.520395
-0.081234 0.392232
0.197704 -0.069389
0.237348 0.200195
-1.180633 -0.001562
-1.304354 -0.427451
-0.368735 -0.353269
0.431678 -0.601076
-0.542376 0.777635
-1.941451 0.000000
-0.542376 -0.777635
0.431678 0.601076
-0.368735 0.353269
-1.304354 0.427451
-1.180633 0.001563
0.237348 -0.200195
0.197704 0.069389
-0.081234 -0.392232
-0.369501 0.520395
-0.793242 -0.057571
1.098387 -0.717274
0.475206 -0.639726
-1.174522 -1.026374
0.984008 1.134701
1.104751 1.610159
-0.000000 -0.000000
0.000000 0.000000
0.000000 0.000000
0.000000 0.000000
0.000000 0.000000
0.000000 0.000000
0.000000 0.000000
0.000000 0.000000
0.000000 0.000000
0.000000 0.000000
0.000000 0.000000
0.000000 0.000000
0.000000 0.000000
0.000000 0.000000
0.000000 0.000000
0.000000 0.000000
