FFT OUTPUTS:
16 1024
-0.000000 0.000000
0.000001 -0.000001
-0.000001 -0.000000
-0.000001 0.000002
0.000000 0.000001
0.000000 0.000000
8.875204 0.000002
8.875200 -0.000001
-8.875202 -0.000001
-8.875201 -0.000001
8.875203 -0.000001
8.875201 0.000001
-8.875201 -0.000001
8.875202 0.000001
-8.875201 -0.000001
8.875203 -0.000000
8.875203 0.000000
8.875201 -0.000001
8.875202 -0.000002
8.875203 -0.000001
8.875204 -0.000000
-8.875202 -0.000001
-8.875203 -0.000001
8.875204 -0.000002
8.875202 -0.000000
-8.875201 0.000001
8.875201 0.000000
-8.875201 0.000000
8.875202 0.000003
8.875200 0.000001
8.875202 0.000001
8.875202 -0.000001
0.000000 -0.000000
8.875201 0.000000
-8.875201 0.000001
-8.875202 0.000003
8.875202 0.000001
8.875204 -0.000000
-8.875202 0.000002
8.875202 -0.000001
-8.875202 -0.000001
8.875201 -0.000000
-8.875201 -0.000001
-8.875201 0.000002
-8.875203 -0.000001
-8.875200 -0.000002
-8.875203 -0.000001
8.875201 0.000001
8.875203 -0.000001
-8.875201 0.000001
-8.875202 0.000002
8.875203 -0.000002
-8.875204 -0.000001
8.875202 0.000000
-8.875205 0.000001
8.875202 -0.000001
8.875202 0.000000
8.875199 -0.000001
8.875201 -0.000001
0.000001 0.000000
0.000000 0.000001
0.000002 -0.000000
0.000000 0.000000
0.000000 -0.000001
-0.000000 0.000000
0.000000 0.000001
-0.000001 0.000000
-0.000001 0.000001
0.000000 0.000000
0.000000 0.000000
8.875202 0.000001
8.875201 -0.000001
-8.875202 -0.000001
-8.875202 -0.000001
8.875203 -0.000002
8.875201 0.000001
-8.875201 -0.000001
8.875202 0.000001
-8.875201 -0.000000
8.875203 0.000000
8.875203 0.000000
8.875202 -0.000002
8.875202 -0.000001
8.875203 -0.000001
8.875204 -0.000000
-8.875201 -0.000000
-8.875204 -0.000001
8.875205 -0.000003
8.875202 -0.000001
-8.875202 0.000001
8.875201 -0.000000
-8.875202 0.000000
8.875202 0.000002
8.875199 0.000002
8.875202 0.000001
8.875203 -0.000001
0.000000 -0.000000
8.875202 -0.000002
-8.875201 0.000001
-8.875202 0.000002
8.875202 0.000001
8.875203 -0.000000
-8.875202 0.000002
8.875203 -0.000000
-8.875202 -0.000001
8.875202 0.000000
-8.875201 -0.000001
-8.875201 0.000001
-8.875203 -0.000001
-8.875202 -0.000003
-8.875203 -0.000001
8.875201 0.000001
8.875203 -0.000001
-8.875202 0.000002
-8.875202 0.000001
8.875203 -0.000001
-8.875204 -0.000001
8.875201 0.000000
-8.875204 0.000000
8.875203 -0.000000
8.875202 0.000001
8.875200 -0.000001
8.875201 0.000000
0.000002 0.000001
0.000000 0.000002
0.000003 -0.000001
0.000000 0.000000
0.000000 -0.000001
-0.000000 0.000000
0.000000 0.000001
-0.000001 0.000000
0.000000 -0.000000
0.000000 0.000000
-0.000000 0.000001
8.875201 -0.000001
-8.875202 0.000001
8.875201 0.000000
8.875202 0.000002
-8.875201 0.000001
8.875201 -0.000002
8.875202 0.000003
8.875203 0.000001
8.875202 0.000001
-8.875202 0.000001
-8.875204 0.000000
8.875203 -0.000001
-8.875204 0.000001
8.875200 -0.000003
-8.875204 0.000001
-8.875202 -0.000000
-8.875205 0.000002
-8.875201 0.000001
-8.875202 -0.000001
8.875200 -0.000000
8.875199 0.000001
8.875202 -0.000002
-8.875203 -0.000002
8.875200 0.000001
8.875202 0.000001
-8.875200 -0.000001
-0.000001 -0.000001
8.875203 -0.000001
8.875204 -0.000003
-8.875203 0.000002
-8.875204 0.000001
-8.875202 0.000001
-8.875201 0.000000
8.875202 -0.000000
-8.875201 0.000000
-8.875202 -0.000001
-8.875203 -0.000000
8.875203 -0.000002
-8.875202 -0.000002
-8.875203 -0.000003
-8.875204 -0.000002
-8.875198 0.000002
-8.875204 -0.000000
8.875201 0.000000
-8.875204 0.000001
-8.875200 0.000002
-8.875204 -0.000000
-8.875202 0.000001
8.875203 -0.000002
-8.875203 0.000000
8.875202 -0.000000
-8.875200 0.000001
-8.875201 0.000002
0.000000 -0.000002
0.000001 0.000001
0.000002 -0.000000
0.000000 0.000000
-0.000002 0.000002
-0.000000 -0.000001
0.000000 -0.000000
0.000000 -0.000000
-0.000001 -0.000001
0.000000 -0.000000
0.000000 0.000001
-8.875202 0.000001
-8.875203 0.000001
8.875202 -0.000000
-8.875200 -0.000000
-8.875200 0.000001
8.875201 -0.000002
8.875203 0.000001
-8.875201 -0.000001
8.875202 0.000000
-8.875202 -0.000000
-8.875202 0.000001
8.875202 -0.000002
-8.875202 0.000001
-8.875202 0.000002
8.875203 -0.000001
-8.875203 0.000000
-8.875204 0.000001
8.875202 -0.000002
-8.875202 0.000000
8.875203 0.000000
8.875201 0.000000
-8.875200 -0.000000
8.875202 -0.000001
8.875202 0.000001
8.875201 -0.000001
-8.875203 0.000001
0.000000 0.000000
-8.875201 0.000001
-8.875203 0.000001
-8.875204 0.000002
8.875204 -0.000001
-8.875202 0.000002
8.875202 0.000001
8.875201 -0.000001
8.875202 0.000001
8.875202 -0.000000
8.875200 -0.000002
8.875203 -0.000002
8.875203 0.000001
-8.875201 -0.000002
-8.875202 -0.000001
-8.875200 0.000001
8.875202 -0.000001
-8.875202 0.000002
8.875204 -0.000001
-8.875204 0.000003
8.875203 0.000001
-8.875203 0.000001
-8.875204 0.000000
8.875200 -0.000002
-8.875202 -0.000000
8.875201 -0.000001
-8.875201 0.000000
0.000000 -0.000001
0.000001 -0.000002
0.000000 0.000000
0.000003 -0.000001
-0.000001 0.000002
0.000000 0.000000
0.000000 -0.000000
-0.000001 0.000000
0.000000 0.000001
0.000000 0.000001
0.000000 -0.000001
8.875202 -0.000001
-8.875202 0.000001
-8.875201 0.000001
-8.875201 -0.000000
-8.875201 0.000000
8.875200 0.000002
-8.875202 -0.000001
8.875202 0.000003
-8.875200 -0.000001
8.875204 -0.000002
-8.875203 0.000001
-8.875202 0.000000
-8.875203 0.000001
-8.875202 0.000001
-8.875203 -0.000001
-8.875203 0.000001
-8.875204 0.000002
-8.875203 0.000003
8.875200 0.000001
8.875203 0.000001
8.875201 0.000000
8.875198 -0.000001
8.875202 0.000001
-8.875202 -0.000002
8.875204 -0.000000
8.875202 -0.000002
-0.000000 0.000000
-8.875202 0.000002
-8.875201 0.000001
8.875202 -0.000001
8.875204 -0.000001
-8.875204 0.000000
-8.875202 0.000001
8.875202 -0.000001
-8.875203 -0.000001
8.875201 -0.000000
-8.875203 0.000002
-8.875200 -0.000001
-8.875202 -0.000002
-8.875200 -0.000001
8.875200 -0.000001
8.875202 -0.000001
8.875203 -0.000000
-8.875202 -0.000000
-8.875203 0.000001
-8.875202 0.000002
8.875203 -0.000000
-8.875203 0.000001
8.875202 -0.000001
8.875201 -0.000000
-8.875202 0.000001
8.875201 -0.000001
8.875203 -0.000001
0.000003 -0.000000
0.000000 0.000002
0.000001 0.000001
-0.000000 -0.000001
0.000000 0.000001
0.000000 0.000000
-0.000000 -0.000001
0.000000 -0.000001
-0.000002 0.000001
0.000000 -0.000000
0.000001 0.000001
-8.875202 0.000001
8.875201 -0.000001
8.875202 -0.000001
-8.875200 -0.000001
-8.875202 0.000002
8.875203 0.000000
8.875204 0.000001
-8.875199 -0.000001
-8.875204 -0.000001
8.875201 -0.000000
8.875204 -0.000001
-8.875202 0.000001
-8.875203 0.000003
-8.875202 0.000003
-8.875203 0.000000
-8.875204 -0.000001
8.875202 -0.000001
8.875202 0.000001
8.875202 -0.000000
8.875203 0.000001
-8.875202 0.000002
8.875203 -0.000002
8.875202 -0.000001
8.875200 0.000002
8.875202 0.000002
-8.875203 -0.000001
-0.000000 0.000000
8.875204 -0.000001
8.875202 -0.000002
8.875200 -0.000002
8.875204 0.000001
-8.875203 0.000001
-8.875202 0.000001
8.875203 -0.000000
-8.875202 -0.000001
8.875202 -0.000001
8.875202 -0.000000
8.875203 -0.000002
-8.875204 -0.000002
-8.875201 -0.000002
-8.875204 -0.000001
-8.875199 0.000002
-8.875204 0.000001
-8.875202 -0.000000
8.875203 -0.000003
8.875202 -0.000001
-8.875203 0.000000
-8.875202 -0.000000
-8.875202 -0.000000
-8.875202 0.000001
8.875202 0.000001
8.875201 -0.000001
-8.875202 0.000000
0.000001 -0.000001
0.000002 0.000000
0.000000 0.000000
0.000001 0.000002
0.000001 0.000001
0.000001 -0.000000
-0.000001 0.000000
-0.000000 0.000000
-0.000000 -0.000000
0.000000 -0.000001
0.000000 0.000000
8.875202 -0.000002
8.875203 -0.000001
-8.875204 -0.000001
-8.875200 -0.000001
-8.875201 0.000002
-8.875200 -0.000000
8.875201 0.000001
-8.875204 0.000002
8.875202 0.000001
-8.875202 0.000001
8.875204 -0.000000
8.875202 -0.000001
8.875202 -0.000003
8.875200 -0.000003
8.875204 -0.000001
-8.875201 -0.000001
8.875204 -0.000001
-8.875201 -0.000001
-8.875203 0.000002
-8.875200 0.000001
8.875203 -0.000002
-8.875202 0.000002
-8.875202 -0.000002
-8.875202 0.000000
-8.875200 -0.000001
8.875200 0.000002
0.000001 -0.000001
-8.875203 0.000001
-8.875202 0.000003
8.875202 -0.000002
8.875202 -0.000001
-8.875202 0.000001
-8.875206 0.000001
-8.875201 0.000003
-8.875202 0.000001
8.875200 0.000001
8.875199 -0.000001
8.875202 -0.000001
8.875203 0.000002
-8.875202 -0.000000
8.875204 0.000000
-8.875202 -0.000000
8.875202 -0.000001
8.875202 -0.000001
8.875204 -0.000001
-8.875202 0.000002
-8.875202 0.000001
8.875203 -0.000000
8.875204 -0.000002
-8.875203 0.000000
8.875201 -0.000000
8.875200 -0.000002
-8.875201 0.000001
-0.000003 0.000000
0.000001 -0.000000
0.000000 0.000002
-0.000002 -0.000001
-0.000000 0.000000
-0.000000 0.000000
0.000000 0.000001
-0.000002 0.000000
-0.000000 0.000001
0.000001 0.000000
-0.000001 -0.000000
8.875203 -0.000001
8.875201 -0.000001
-8.875202 -0.000000
-8.875201 0.000000
8.875202 0.000000
-8.875201 0.000001
8.875205 0.000000
8.875203 0.000001
-8.875203 0.000001
8.875203 -0.000000
-8.875202 0.000001
8.875202 -0.000002
8.875203 -0.000002
8.875202 -0.000003
-8.875204 0.000000
-8.875202 -0.000000
-8.875202 0.000002
-8.875203 0.000002
8.875203 0.000000
-8.875201 0.000002
8.875201 -0.000001
8.875202 -0.000000
8.875202 -0.000000
8.875201 -0.000001
-8.875203 0.000001
8.875204 -0.000003
-0.000001 -0.000000
8.875204 -0.000003
8.875204 -0.000002
-8.875200 0.000002
8.875204 -0.000000
-8.875201 0.000001
-8.875201 0.000001
-8.875205 0.000003
8.875202 -0.000001
8.875201 0.000000
-8.875202 0.000001
8.875199 -0.000003
8.875203 -0.000001
8.875201 -0.000002
-8.875203 0.000001
8.875203 -0.000004
-8.875202 0.000001
-8.875202 0.000002
8.875201 -0.000002
-8.875200 0.000003
-8.875204 0.000002
8.875202 0.000000
8.875204 -0.000003
-8.875203 0.000002
8.875203 -0.000001
-8.875203 -0.000000
-8.875201 0.000001
-0.000001 -0.000001
0.000001 -0.000002
0.000001 -0.000001
-0.000001 0.000002
0.000002 -0.000001
0.000000 0.000000
-0.000001 0.000001
-0.000001 -0.000000
0.000000 -0.000000
-0.000001 0.000001
-0.000001 0.000000
-8.875203 0.000001
-8.875201 0.000002
-8.875201 0.000000
8.875202 0.000000
8.875202 -0.000000
-8.875202 0.000002
8.875203 0.000000
-8.875201 -0.000001
-8.875204 -0.000000
-8.875202 0.000001
-8.875203 0.000002
8.875201 -0.000000
-8.875203 0.000001
8.875200 -0.000002
8.875202 -0.000002
8.875202 -0.000001
8.875204 -0.000003
-8.875202 0.000001
8.875203 0.000000
-8.875201 0.000000
-8.875202 -0.000000
8.875200 -0.000002
8.875202 -0.000001
8.875202 0.000002
-8.875202 0.000002
8.875202 -0.000000
-0.000000 0.000000
8.875201 -0.000002
-8.875203 0.000002
8.875202 -0.000004
8.875202 -0.000001
-8.875203 0.000000
8.875203 -0.000002
-8.875199 0.000001
8.875201 0.000000
-8.875200 0.000000
-8.875202 0.000000
-8.875200 0.000001
8.875203 -0.000000
-8.875203 -0.000001
-8.875202 0.000002
-8.875202 0.000000
8.875203 -0.000002
8.875201 -0.000000
8.875201 -0.000002
-8.875204 0.000002
-8.875204 0.000001
8.875204 0.000000
-8.875204 0.000000
-8.875202 0.000002
-8.875203 0.000000
-8.875199 0.000001
-8.875202 0.000002
-0.000001 -0.000000
0.000000 -0.000001
0.000000 0.000001
-0.000002 0.000002
0.000000 0.000001
0.000001 -0.000000
-0.000001 -0.000001
-0.000001 -0.000001
0.000000 0.000001
0.000000 0.000000
0.000001 -0.000001
-8.875202 0.000000
8.875201 -0.000002
8.875202 -0.000001
-8.875202 0.000001
-8.875201 0.000001
8.875202 -0.000000
8.875201 0.000002
8.875201 0.000001
-8.875202 -0.000001
-8.875199 -0.000001
8.875203 -0.000001
-8.875202 0.000001
-8.875202 0.000003
-8.875202 0.000003
8.875203 -0.000001
8.875202 0.000001
8.875203 -0.000001
8.875202 -0.000003
-8.875202 0.000001
8.875202 -0.000001
-8.875201 0.000002
-8.875201 0.000003
-8.875203 -0.000001
-8.875202 -0.000001
-8.875200 0.000002
8.875201 0.000001
0.000001 -0.000000
-8.875202 0.000002
-8.875204 0.000002
8.875203 -0.000002
-8.875204 -0.000000
-8.875204 0.000002
-8.875206 0.000002
8.875203 -0.000003
8.875202 -0.000001
8.875200 -0.000002
8.875199 0.000000
-8.875200 0.000000
-8.875201 -0.000001
-8.875201 0.000001
8.875202 0.000000
8.875199 -0.000001
8.875203 -0.000001
8.875202 -0.000002
8.875204 -0.000003
-8.875202 0.000003
8.875203 -0.000001
-8.875202 0.000000
8.875205 -0.000002
8.875202 -0.000002
-8.875202 0.000001
-8.875202 0.000001
-8.875203 0.000001
0.000002 0.000001
0.000001 0.000001
0.000000 0.000000
-0.000002 0.000000
-0.000001 -0.000000
0.000000 -0.000000
-0.000000 0.000000
0.000001 -0.000000
-0.000000 -0.000000
-0.000000 0.000000
-0.000000 0.000001
-8.875202 0.000003
8.875201 -0.000002
-8.875202 0.000000
8.875201 -0.000002
-8.875200 0.000002
-8.875202 0.000002
8.875202 0.000001
-8.875201 0.000000
-8.875200 0.000000
8.875202 0.000000
8.875203 -0.000002
8.875202 -0.000001
8.875200 -0.000002
8.875204 -0.000003
-8.875202 0.000002
-8.875202 -0.000001
-8.875202 0.000002
-8.875202 0.000002
-8.875201 0.000001
-8.875200 0.000001
8.875201 -0.000002
-8.875202 0.000002
8.875200 0.000000
8.875200 0.000001
8.875204 0.000000
8.875200 -0.000001
-0.000000 -0.000000
-8.875202 0.000001
8.875202 -0.000002
-8.875202 0.000001
-8.875202 0.000000
8.875202 0.000000
-8.875202 0.000000
-8.875201 0.000002
8.875200 0.000000
8.875203 -0.000001
8.875200 -0.000002
-8.875204 0.000004
-8.875202 -0.000002
-8.875203 -0.000001
8.875202 -0.000001
-8.875206 -0.000001
-8.875203 0.000002
-8.875202 0.000002
-8.875202 0.000001
8.875200 -0.000002
8.875204 -0.000001
8.875202 -0.000001
8.875202 -0.000001
8.875202 -0.000003
-8.875203 0.000001
8.875202 -0.000001
-8.875203 0.000002
-0.000001 0.000001
0.000001 -0.000001
0.000001 0.000001
-0.000001 -0.000001
0.000002 -0.000001
0.000000 0.000001
0.000000 -0.000000
-0.000000 0.000001
-0.000001 0.000000
-0.000000 -0.000000
0.000000 -0.000000
-8.875201 0.000003
8.875202 -0.000002
8.875201 -0.000000
-8.875202 0.000000
-8.875201 0.000000
-8.875200 0.000002
8.875204 -0.000001
-8.875203 0.000000
-8.875202 0.000000
8.875201 0.000000
-8.875204 0.000002
8.875202 -0.000003
8.875201 -0.000002
8.875202 -0.000003
8.875203 -0.000001
8.875203 -0.000001
-8.875202 0.000002
-8.875202 0.000003
-8.875202 -0.000001
-8.875201 0.000002
8.875203 -0.000001
8.875201 -0.000000
8.875203 -0.000001
-8.875202 0.000001
-8.875199 -0.000000
8.875200 -0.000001
0.000000 -0.000000
8.875202 -0.000001
-8.875204 0.000003
8.875203 -0.000003
-8.875204 0.000000
8.875204 -0.000002
-8.875203 0.000002
-8.875200 0.000003
8.875203 -0.000000
8.875202 -0.000000
8.875199 -0.000001
8.875200 -0.000003
8.875202 -0.000001
-8.875201 0.000000
8.875204 0.000001
-8.875199 -0.000001
8.875204 -0.000002
-8.875202 0.000002
8.875203 -0.000003
-8.875200 0.000003
8.875203 -0.000002
8.875203 -0.000001
-8.875202 0.000002
-8.875202 0.000003
8.875202 -0.000002
-8.875203 0.000001
8.875201 -0.000003
-0.000003 -0.000001
0.000001 -0.000001
-0.000002 0.000002
-0.000001 -0.000001
0.000001 -0.000001
-0.000000 0.000001
0.000000 -0.000000
-0.000001 0.000001
0.000000 0.000001
0.000000 -0.000000
-0.000002 0.000001
8.875201 -0.000002
8.875204 -0.000003
8.875201 -0.000000
8.875202 -0.000001
-8.875201 0.000002
-8.875199 0.000001
8.875202 0.000001
8.875202 -0.000000
8.875202 -0.000001
-8.875203 0.000001
-8.875202 0.000002
8.875202 -0.000003
-8.875202 0.000002
-8.875205 0.000003
-8.875202 0.000002
-8.875202 0.000001
8.875202 -0.000001
8.875200 -0.000001
-8.875204 0.000001
-8.875202 0.000002
8.875202 -0.000002
8.875200 -0.000000
-8.875203 -0.000002
8.875201 -0.000001
-8.875201 0.000000
8.875202 0.000001
0.000000 -0.000000
8.875202 -0.000001
-8.875201 0.000001
8.875204 -0.000005
-8.875204 0.000001
8.875202 -0.000002
-8.875203 0.000001
-8.875200 0.000001
-8.875203 0.000001
8.875202 -0.000000
-8.875203 0.000003
-8.875201 0.000002
8.875202 0.000000
8.875202 -0.000001
8.875202 -0.000001
-8.875205 0.000000
8.875202 -0.000001
-8.875200 0.000002
8.875202 -0.000005
8.875201 -0.000001
-8.875202 0.000001
8.875202 -0.000001
-8.875202 0.000002
8.875204 -0.000002
-8.875202 0.000001
-8.875202 -0.000000
-8.875202 0.000002
0.000000 0.000000
0.000000 -0.000001
0.000002 -0.000001
-0.000001 -0.000001
0.000001 0.000000
0.000000 -0.000000
0.000001 0.000001
0.000000 -0.000001
0.000000 -0.000000
-0.000001 0.000000
0.000000 0.000001
-8.875202 0.000000
8.875203 -0.000002
8.875201 -0.000001
8.875201 -0.000001
-8.875202 0.000002
-8.875200 0.000002
8.875200 0.000001
-8.875200 -0.000000
8.875203 -0.000001
8.875200 -0.000001
-8.875204 0.000002
8.875203 -0.000002
-8.875203 0.000001
-8.875203 0.000003
-8.875202 0.000001
-8.875202 -0.000000
-8.875204 0.000002
8.875201 -0.000001
-8.875202 0.000001
-8.875202 0.000002
-8.875204 0.000002
8.875202 -0.000000
-8.875204 -0.000001
8.875201 -0.000000
8.875198 -0.000001
8.875200 -0.000001
0.000001 0.000000
8.875202 -0.000002
8.875202 -0.000002
8.875204 -0.000003
8.875203 -0.000001
8.875204 -0.000002
8.875204 -0.000001
-8.875201 0.000002
8.875203 -0.000001
-8.875201 0.000002
8.875202 -0.000003
8.875202 -0.000001
-8.875200 0.000000
8.875200 0.000000
-8.875201 -0.000001
-8.875200 -0.000001
-8.875204 0.000001
8.875203 -0.000001
-8.875201 0.000002
-8.875203 0.000004
8.875202 -0.000001
8.875202 -0.000000
-8.875204 0.000003
8.875201 -0.000002
8.875202 -0.000002
8.875202 -0.000002
-8.875204 0.000003
0.000001 -0.000002
0.000000 0.000001
0.000001 -0.000000
0.000001 -0.000001
0.000002 0.000000
0.000000 0.000000
0.000000 -0.000000
0.000001 -0.000001
-0.000001 -0.000000
-0.000000 0.000000
0.000000 -0.000001
-8.875203 0.000002
-8.875204 0.000001
8.875204 -0.000002
-8.875201 0.000001
-8.875204 0.000003
8.875200 -0.000001
-8.875202 -0.000002
-8.875201 -0.000001
8.875202 -0.000001
8.875202 -0.000004
8.875202 -0.000001
8.875201 -0.000001
-8.875201 0.000002
-8.875201 0.000004
-8.875204 0.000001
8.875202 -0.000002
-8.875201 0.000002
8.875202 -0.000003
8.875204 -0.000002
8.875204 -0.000000
-8.875204 0.000003
-8.875202 0.000001
8.875202 0.000001
8.875202 0.000000
8.875199 -0.000001
8.875202 -0.000001
0.000001 0.000000
8.875202 -0.000002
8.875201 -0.000004
-8.875201 0.000003
-8.875204 0.000002
8.875203 -0.000000
-8.875201 0.000002
8.875202 -0.000002
8.875204 -0.000002
8.875201 -0.000002
-8.875202 0.000002
-8.875200 0.000001
8.875202 -0.000000
8.875201 -0.000000
-8.875204 -0.000001
-8.875202 0.000000
8.875202 -0.000002
-8.875199 0.000002
8.875201 -0.000004
-8.875203 0.000002
-8.875204 0.000002
-8.875204 0.000002
-8.875203 0.000002
-8.875204 0.000002
8.875204 -0.000001
8.875202 -0.000001
-8.875202 0.000003
-0.000001 0.000001
-0.000001 -0.000002
-0.000000 -0.000001
0.000002 -0.000000
-0.000000 -0.000001
0.215416 -0.162114
0.353857 0.630149
-0.635119 0.903947
-1.028095 -0.298047
0.561792 -0.950116
1.992209 0.978237
-8.369878 3.599048
6.203276 3.657451
4.560244 1.591120
4.435456 0.102216
3.659235 -1.099289
3.290847 -4.269960
6.547773 -7.760585
-5.731241 -6.900310
-3.925454 -1.918339
-7.220418 0.857389
8.179320 -1.560356
-6.807854 -3.749053
-3.691290 -0.573955
-6.350760 3.951357
5.886750 2.668284
5.456587 -3.087576
-7.044735 -5.211797
-3.615085 -1.229586
-5.876091 2.590423
8.734770 1.690591
-8.405662 -0.359633
-6.823629 0.881534
9.093490 3.084404
5.718701 1.650468
-12.097587 -2.299380
8.767471 -3.996675
1.983201 -2.720488
-6.895958 -1.900386
-6.071638 -2.501832
-3.562160 -1.608434
-2.501684 1.986330
-4.925898 5.275772
-8.666432 5.398280
7.099752 3.136403
7.447730 0.875411
-8.625233 -0.066814
-6.774731 0.877590
11.200768 3.544518
-9.282553 5.612958
4.781472 4.201175
4.183622 0.298270
7.031074 -1.543584
-8.878970 0.288354
7.163805 1.766447
5.489984 -0.302614
-10.098845 -2.699181
10.845779 -0.870133
-8.108643 3.104843
4.910793 3.027590
3.154609 -1.891527
6.981694 -5.609139
-6.124647 -4.020150
-5.489604 -0.082069
1.168473 1.607619
-0.263083 0.935642
-0.292588 0.324393
-0.322728 0.244191
-0.342074 -0.099276
