FFT OUTPUTS:
46 2944
-0.000000 0.000000
0.000001 -0.000001
-0.000001 -0.000000
-0.000001 0.000002
0.000000 0.000001
0.000000 0.000000
8.875204 0.000002
8.875200 -0.000001
-8.875202 -0.000001
-8.875201 -0.000001
8.875203 -0.000001
8.875201 0.000001
-8.875201 -0.000001
8.875202 0.000001
-8.875201 -0.000001
8.875203 -0.000000
8.875203 0.000000
8.875201 -0.000001
8.875202 -0.000002
8.875203 -0.000001
8.875204 -0.000000
-8.875202 -0.000001
-8.875203 -0.000001
8.875204 -0.000002
8.875202 -0.000000
-8.875201 0.000001
8.875201 0.000000
-8.875201 0.000000
8.875202 0.000003
8.875200 0.000001
8.875202 0.000001
8.875202 -0.000001
0.000000 -0.000000
8.875201 0.000000
-8.875201 0.000001
-8.875202 0.000003
8.875202 0.000001
8.875204 -0.000000
-8.875202 0.000002
8.875202 -0.000001
-8.875202 -0.000001
8.875201 -0.000000
-8.875201 -0.000001
-8.875201 0.000002
-8.875203 -0.000001
-8.875200 -0.000002
-8.875203 -0.000001
8.875201 0.000001
8.875203 -0.000001
-8.875201 0.000001
-8.875202 0.000002
8.875203 -0.000002
-8.875204 -0.000001
8.875202 0.000000
-8.875205 0.000001
8.875202 -0.000001
8.875202 0.000000
8.875199 -0.000001
8.875201 -0.000001
0.000001 0.000000
0.000000 0.000001
0.000002 -0.000000
0.000000 0.000000
0.000000 -0.000001
-0.000000 0.000000
0.000000 0.000001
-0.000001 0.000000
-0.000001 0.000001
0.000000 0.000000
0.000000 0.000000
8.875202 0.000001
8.875201 -0.000001
-8.875202 -0.000001
-8.875202 -0.000001
8.875203 -0.000002
8.875201 0.000001
-8.875201 -0.000001
8.875202 0.000001
-8.875201 -0.000000
8.875203 0.000000
8.875203 0.000000
8.875202 -0.000002
8.875202 -0.000001
8.875203 -0.000001
8.875204 -0.000000
-8.875201 -0.000000
-8.875204 -0.000001
8.875205 -0.000003
8.875202 -0.000001
-8.875202 0.000001
8.875201 -0.000000
-8.875202 0.000000
8.875202 0.000002
8.875199 0.000002
8.875202 0.000001
8.875203 -0.000001
0.000000 -0.000000
8.875202 -0.000002
-8.875201 0.000001
-8.875202 0.000002
8.875202 0.000001
8.875203 -0.000000
-8.875202 0.000002
8.875203 -0.000000
-8.875202 -0.000001
8.875202 0.000000
-8.875201 -0.000001
-8.875201 0.000001
-8.875203 -0.000001
-8.875202 -0.000003
-8.875203 -0.000001
8.875201 0.000001
8.875203 -0.000001
-8.875202 0.000002
-8.875202 0.000001
8.875203 -0.000001
-8.875204 -0.000001
8.875201 0.000000
-8.875204 0.000000
8.875203 -0.000000
8.875202 0.000001
8.875200 -0.000001
8.875201 0.000000
0.000002 0.000001
0.000000 0.000002
0.000003 -0.000001
0.000000 0.000000
0.000000 -0.000001
0.000000 -0.000000
0.000000 0.000001
0.000000 0.000000
0.000000 0.000000
0.000000 0.000000
0.000000 -0.000001
8.875202 -0.000001
8.875202 -0.000001
-8.875202 -0.000001
8.875200 0.000001
-8.875201 0.000001
8.875199 -0.000001
-8.875202 -0.000000
8.875202 0.000001
8.875202 0.000001
8.875201 0.000001
-8.875204 0.000000
8.875202 -0.000001
-8.875202 0.000000
8.875204 -0.000003
-8.875202 0.000001
8.875202 -0.000000
-8.875204 0.000003
-8.875200 0.000000
8.875202 0.000000
8.875202 -0.000000
8.875200 0.000000
-8.875199 0.000000
-8.875200 -0.000001
8.875200 0.000002
-8.875202 -0.000001
-8.875201 -0.000001
0.000001 0.000000
8.875202 -0.000001
8.875204 -0.000001
-8.875204 0.000003
-8.875202 -0.000001
8.875203 0.000002
-8.875202 -0.000000
8.875200 -0.000001
-8.875202 -0.000000
-8.875200 -0.000001
-8.875203 0.000002
8.875201 -0.000001
8.875202 0.000002
-8.875202 -0.000002
8.875202 0.000000
8.875203 -0.000000
-8.875204 -0.000000
-8.875202 0.000001
8.875202 -0.000002
-8.875202 0.000001
8.875202 -0.000000
-8.875202 0.000000
8.875204 -0.000001
-8.875202 0.000001
8.875202 0.000001
8.875202 0.000001
-8.875202 0.000001
-0.000001 -0.000000
-0.000001 0.000000
0.000002 -0.000001
-0.000000 -0.000001
0.000000 -0.000001
-0.000000 -0.000001
0.000000 -0.000000
0.000000 -0.000000
-0.000001 -0.000001
0.000000 -0.000000
0.000000 0.000001
-8.875202 0.000001
-8.875203 0.000001
8.875202 -0.000000
-8.875200 -0.000000
-8.875200 0.000001
8.875201 -0.000002
8.875203 0.000001
-8.875201 -0.000001
8.875202 0.000000
-8.875202 -0.000000
-8.875202 0.000001
8.875202 -0.000002
-8.875202 0.000001
-8.875202 0.000002
8.875203 -0.000001
-8.875203 0.000000
-8.875204 0.000001
8.875202 -0.000002
-8.875202 0.000000
8.875203 0.000000
8.875201 0.000000
-8.875200 -0.000000
8.875202 -0.000001
8.875202 0.000001
8.875201 -0.000001
-8.875203 0.000001
0.000000 0.000000
-8.875201 0.000001
-8.875203 0.000001
-8.875204 0.000002
8.875204 -0.000001
-8.875202 0.000002
8.875202 0.000001
8.875201 -0.000001
8.875202 0.000001
8.875202 -0.000000
8.875200 -0.000002
8.875203 -0.000002
8.875203 0.000001
-8.875201 -0.000002
-8.875202 -0.000001
-8.875200 0.000001
8.875202 -0.000001
-8.875202 0.000002
8.875204 -0.000001
-8.875204 0.000003
8.875203 0.000001
-8.875203 0.000001
-8.875204 0.000000
8.875200 -0.000002
-8.875202 -0.000000
8.875201 -0.000001
-8.875201 0.000000
0.000000 -0.000001
0.000001 -0.000002
0.000000 0.000000
0.000003 -0.000001
-0.000001 0.000002
0.000000 0.000000
0.000000 -0.000000
-0.000001 0.000000
0.000000 0.000001
0.000000 0.000001
0.000000 -0.000001
8.875202 -0.000001
-8.875202 0.000001
-8.875201 0.000001
-8.875201 -0.000000
-8.875201 0.000000
8.875200 0.000002
-8.875202 -0.000001
8.875202 0.000003
-8.875200 -0.000001
8.875204 -0.000002
-8.875203 0.000001
-8.875202 0.000000
-8.875203 0.000001
-8.875202 0.000001
-8.875203 -0.000001
-8.875203 0.000001
-8.875204 0.000002
-8.875203 0.000003
8.875200 0.000001
8.875203 0.000001
8.875201 0.000000
8.875198 -0.000001
8.875202 0.000001
-8.875202 -0.000002
8.875204 -0.000000
8.875202 -0.000002
-0.000000 0.000000
-8.875202 0.000002
-8.875201 0.000001
8.875202 -0.000001
8.875204 -0.000001
-8.875204 0.000000
-8.875202 0.000001
8.875202 -0.000001
-8.875203 -0.000001
8.875201 -0.000000
-8.875203 0.000002
-8.875200 -0.000001
-8.875202 -0.000002
-8.875200 -0.000001
8.875200 -0.000001
8.875202 -0.000001
8.875203 -0.000000
-8.875202 -0.000000
-8.875203 0.000001
-8.875202 0.000002
8.875203 -0.000000
-8.875203 0.000001
8.875202 -0.000001
8.875201 -0.000000
-8.875202 0.000001
8.875201 -0.000001
8.875203 -0.000001
0.000003 -0.000000
0.000000 0.000002
0.000001 0.000001
-0.000000 -0.000001
0.000000 0.000001
0.000000 0.000000
-0.000000 -0.000001
0.000000 -0.000001
-0.000002 0.000001
0.000000 -0.000000
0.000001 0.000001
-8.875202 0.000001
8.875201 -0.000001
8.875202 -0.000001
-8.875200 -0.000001
-8.875202 0.000002
8.875203 0.000000
8.875204 0.000001
-8.875199 -0.000001
-8.875204 -0.000001
8.875201 -0.000000
8.875204 -0.000001
-8.875202 0.000001
-8.875203 0.000003
-8.875202 0.000003
-8.875203 0.000000
-8.875204 -0.000001
8.875202 -0.000001
8.875202 0.000001
8.875202 -0.000000
8.875203 0.000001
-8.875202 0.000002
8.875203 -0.000002
8.875202 -0.000001
8.875200 0.000002
8.875202 0.000002
-8.875203 -0.000001
-0.000000 0.000000
8.875204 -0.000001
8.875202 -0.000002
8.875200 -0.000002
8.875204 0.000001
-8.875203 0.000001
-8.875202 0.000001
8.875203 -0.000000
-8.875202 -0.000001
8.875202 -0.000001
8.875202 -0.000000
8.875203 -0.000002
-8.875204 -0.000002
-8.875201 -0.000002
-8.875204 -0.000001
-8.875199 0.000002
-8.875204 0.000001
-8.875202 -0.000000
8.875203 -0.000003
8.875202 -0.000001
-8.875203 0.000000
-8.875202 -0.000000
-8.875202 -0.000000
-8.875202 0.000001
8.875202 0.000001
8.875201 -0.000001
-8.875202 0.000000
0.000001 -0.000001
0.000002 0.000000
0.000000 0.000000
0.000001 0.000002
0.000001 0.000001
0.000001 -0.000000
-0.000001 0.000000
-0.000000 0.000000
-0.000000 -0.000000
0.000000 -0.000001
0.000000 0.000000
8.875202 -0.000002
8.875203 -0.000001
-8.875204 -0.000001
-8.875200 -0.000001
-8.875201 0.000002
-8.875200 -0.000000
8.875201 0.000001
-8.875204 0.000002
8.875202 0.000001
-8.875202 0.000001
8.875204 -0.000000
8.875202 -0.000001
8.875202 -0.000003
8.875200 -0.000003
8.875204 -0.000001
-8.875201 -0.000001
8.875204 -0.000001
-8.875201 -0.000001
-8.875203 0.000002
-8.875200 0.000001
8.875203 -0.000002
-8.875202 0.000002
-8.875202 -0.000002
-8.875202 0.000000
-8.875200 -0.000001
8.875200 0.000002
0.000001 -0.000001
-8.875203 0.000001
-8.875202 0.000003
8.875202 -0.000002
8.875202 -0.000001
-8.875202 0.000001
-8.875206 0.000001
-8.875201 0.000003
-8.875202 0.000001
8.875200 0.000001
8.875199 -0.000001
8.875202 -0.000001
8.875203 0.000002
-8.875202 -0.000000
8.875204 0.000000
-8.875202 -0.000000
8.875202 -0.000001
8.875202 -0.000001
8.875204 -0.000001
-8.875202 0.000002
-8.875202 0.000001
8.875203 -0.000000
8.875204 -0.000002
-8.875203 0.000000
8.875201 -0.000000
8.875200 -0.000002
-8.875201 0.000001
-0.000003 0.000000
0.000001 -0.000000
0.000000 0.000002
-0.000002 -0.000001
-0.000000 0.000000
-0.000000 0.000000
0.000000 0.000001
-0.000002 0.000000
-0.000000 0.000001
0.000001 0.000000
-0.000001 -0.000000
8.875203 -0.000001
8.875201 -0.000001
-8.875202 -0.000000
-8.875201 0.000000
8.875202 0.000000
-8.875201 0.000001
8.875205 0.000000
8.875203 0.000001
-8.875203 0.000001
8.875203 -0.000000
-8.875202 0.000001
8.875202 -0.000002
8.875203 -0.000002
8.875202 -0.000003
-8.875204 0.000000
-8.875202 -0.000000
-8.875202 0.000002
-8.875203 0.000002
8.875203 0.000000
-8.875201 0.000002
8.875201 -0.000001
8.875202 -0.000000
8.875202 -0.000000
8.875201 -0.000001
-8.875203 0.000001
8.875204 -0.000003
-0.000001 -0.000000
8.875204 -0.000003
8.875204 -0.000002
-8.875200 0.000002
8.875204 -0.000000
-8.875201 0.000001
-8.875201 0.000001
-8.875205 0.000003
8.875202 -0.000001
8.875201 0.000000
-8.875202 0.000001
8.875199 -0.000003
8.875203 -0.000001
8.875201 -0.000002
-8.875203 0.000001
8.875203 -0.000004
-8.875202 0.000001
-8.875202 0.000002
8.875201 -0.000002
-8.875200 0.000003
-8.875204 0.000002
8.875202 0.000000
8.875204 -0.000003
-8.875203 0.000002
8.875203 -0.000001
-8.875203 -0.000000
-8.875201 0.000001
-0.000001 -0.000001
0.000001 -0.000002
0.000001 -0.000001
-0.000001 0.000002
0.000002 -0.000001
0.000000 0.000000
-0.000001 0.000001
-0.000001 -0.000000
0.000000 -0.000000
-0.000001 0.000001
-0.000001 0.000000
-8.875203 0.000001
-8.875201 0.000002
-8.875201 0.000000
8.875202 0.000000
8.875202 -0.000000
-8.875202 0.000002
8.875203 0.000000
-8.875201 -0.000001
-8.875204 -0.000000
-8.875202 0.000001
-8.875203 0.000002
8.875201 -0.000000
-8.875203 0.000001
8.875200 -0.000002
8.875202 -0.000002
8.875202 -0.000001
8.875204 -0.000003
-8.875202 0.000001
8.875203 0.000000
-8.875201 0.000000
-8.875202 -0.000000
8.875200 -0.000002
8.875202 -0.000001
8.875202 0.000002
-8.875202 0.000002
8.875202 -0.000000
-0.000000 0.000000
8.875201 -0.000002
-8.875203 0.000002
8.875202 -0.000004
8.875202 -0.000001
-8.875203 0.000000
8.875203 -0.000002
-8.875199 0.000001
8.875201 0.000000
-8.875200 0.000000
-8.875202 0.000000
-8.875200 0.000001
8.875203 -0.000000
-8.875203 -0.000001
-8.875202 0.000002
-8.875202 0.000000
8.875203 -0.000002
8.875201 -0.000000
8.875201 -0.000002
-8.875204 0.000002
-8.875204 0.000001
8.875204 0.000000
-8.875204 0.000000
-8.875202 0.000002
-8.875203 0.000000
-8.875199 0.000001
-8.875202 0.000002
-0.000001 -0.000000
0.000000 -0.000001
0.000000 0.000001
-0.000002 0.000002
0.000000 0.000001
0.000001 -0.000000
-0.000001 -0.000001
-0.000001 -0.000001
0.000000 0.000001
0.000000 0.000000
0.000001 -0.000001
-8.875202 0.000000
8.875201 -0.000002
8.875202 -0.000001
-8.875202 0.000001
-8.875201 0.000001
8.875202 -0.000000
8.875201 0.000002
8.875201 0.000001
-8.875202 -0.000001
-8.875199 -0.000001
8.875203 -0.000001
-8.875202 0.000001
-8.875202 0.000003
-8.875202 0.000003
8.875203 -0.000001
8.875202 0.000001
8.875203 -0.000001
8.875202 -0.000003
-8.875202 0.000001
8.875202 -0.000001
-8.875201 0.000002
-8.875201 0.000003
-8.875203 -0.000001
-8.875202 -0.000001
-8.875200 0.000002
8.875201 0.000001
0.000001 -0.000000
-8.875202 0.000002
-8.875204 0.000002
8.875203 -0.000002
-8.875204 -0.000000
-8.875204 0.000002
-8.875206 0.000002
8.875203 -0.000003
8.875202 -0.000001
8.875200 -0.000002
8.875199 0.000000
-8.875200 0.000000
-8.875201 -0.000001
-8.875201 0.000001
8.875202 0.000000
8.875199 -0.000001
8.875203 -0.000001
8.875202 -0.000002
8.875204 -0.000003
-8.875202 0.000003
8.875203 -0.000001
-8.875202 0.000000
8.875205 -0.000002
8.875202 -0.000002
-8.875202 0.000001
-8.875202 0.000001
-8.875203 0.000001
0.000002 0.000001
0.000001 0.000001
0.000000 0.000000
-0.000002 0.000000
-0.000001 -0.000000
0.000000 -0.000000
-0.000000 0.000000
0.000001 -0.000000
-0.000000 -0.000000
-0.000000 0.000000
-0.000000 0.000001
-8.875202 0.000003
8.875201 -0.000002
-8.875202 0.000000
8.875201 -0.000002
-8.875200 0.000002
-8.875202 0.000002
8.875202 0.000001
-8.875201 0.000000
-8.875200 0.000000
8.875202 0.000000
8.875203 -0.000002
8.875202 -0.000001
8.875200 -0.000002
8.875204 -0.000003
-8.875202 0.000002
-8.875202 -0.000001
-8.875202 0.000002
-8.875202 0.000002
-8.875201 0.000001
-8.875200 0.000001
8.875201 -0.000002
-8.875202 0.000002
8.875200 0.000000
8.875200 0.000001
8.875204 0.000000
8.875200 -0.000001
-0.000000 -0.000000
-8.875202 0.000001
8.875202 -0.000002
-8.875202 0.000001
-8.875202 0.000000
8.875202 0.000000
-8.875202 0.000000
-8.875201 0.000002
8.875200 0.000000
8.875203 -0.000001
8.875200 -0.000002
-8.875204 0.000004
-8.875202 -0.000002
-8.875203 -0.000001
8.875202 -0.000001
-8.875206 -0.000001
-8.875203 0.000002
-8.875202 0.000002
-8.875202 0.000001
8.875200 -0.000002
8.875204 -0.000001
8.875202 -0.000001
8.875202 -0.000001
8.875202 -0.000003
-8.875203 0.000001
8.875202 -0.000001
-8.875203 0.000002
-0.000001 0.000001
0.000001 -0.000001
0.000001 0.000001
-0.000001 -0.000001
0.000002 -0.000001
0.000000 0.000001
0.000000 -0.000000
-0.000000 0.000001
-0.000001 0.000000
-0.000000 -0.000000
0.000000 -0.000000
-8.875201 0.000003
8.875202 -0.000002
8.875201 -0.000000
-8.875202 0.000000
-8.875201 0.000000
-8.875200 0.000002
8.875204 -0.000001
-8.875203 0.000000
-8.875202 0.000000
8.875201 0.000000
-8.875204 0.000002
8.875202 -0.000003
8.875201 -0.000002
8.875202 -0.000003
8.875203 -0.000001
8.875203 -0.000001
-8.875202 0.000002
-8.875202 0.000003
-8.875202 -0.000001
-8.875201 0.000002
8.875203 -0.000001
8.875201 -0.000000
8.875203 -0.000001
-8.875202 0.000001
-8.875199 -0.000000
8.875200 -0.000001
0.000000 -0.000000
8.875202 -0.000001
-8.875204 0.000003
8.875203 -0.000003
-8.875204 0.000000
8.875204 -0.000002
-8.875203 0.000002
-8.875200 0.000003
8.875203 -0.000000
8.875202 -0.000000
8.875199 -0.000001
8.875200 -0.000003
8.875202 -0.000001
-8.875201 0.000000
8.875204 0.000001
-8.875199 -0.000001
8.875204 -0.000002
-8.875202 0.000002
8.875203 -0.000003
-8.875200 0.000003
8.875203 -0.000002
8.875203 -0.000001
-8.875202 0.000002
-8.875202 0.000003
8.875202 -0.000002
-8.875203 0.000001
8.875201 -0.000003
-0.000003 -0.000001
0.000001 -0.000001
-0.000002 0.000002
-0.000001 -0.000001
0.000001 -0.000001
-0.000000 0.000001
0.000000 -0.000000
-0.000001 0.000001
0.000000 0.000001
0.000000 -0.000000
-0.000002 0.000001
8.875201 -0.000002
8.875204 -0.000003
8.875201 -0.000000
8.875202 -0.000001
-8.875201 0.000002
-8.875199 0.000001
8.875202 0.000001
8.875202 -0.000000
8.875202 -0.000001
-8.875203 0.000001
-8.875202 0.000002
8.875202 -0.000003
-8.875202 0.000002
-8.875205 0.000003
-8.875202 0.000002
-8.875202 0.000001
8.875202 -0.000001
8.875200 -0.000001
-8.875204 0.000001
-8.875202 0.000002
8.875202 -0.000002
8.875200 -0.000000
-8.875203 -0.000002
8.875201 -0.000001
-8.875201 0.000000
8.875202 0.000001
0.000000 -0.000000
8.875202 -0.000001
-8.875201 0.000001
8.875204 -0.000005
-8.875204 0.000001
8.875202 -0.000002
-8.875203 0.000001
-8.875200 0.000001
-8.875203 0.000001
8.875202 -0.000000
-8.875203 0.000003
-8.875201 0.000002
8.875202 0.000000
8.875202 -0.000001
8.875202 -0.000001
-8.875205 0.000000
8.875202 -0.000001
-8.875200 0.000002
8.875202 -0.000005
8.875201 -0.000001
-8.875202 0.000001
8.875202 -0.000001
-8.875202 0.000002
8.875204 -0.000002
-8.875202 0.000001
-8.875202 -0.000000
-8.875202 0.000002
0.000000 0.000000
0.000000 -0.000001
0.000002 -0.000001
-0.000001 -0.000001
0.000001 0.000000
0.000000 -0.000000
0.000001 0.000001
0.000000 -0.000001
0.000000 -0.000000
-0.000001 0.000000
0.000000 0.000001
-8.875202 0.000000
8.875203 -0.000002
8.875201 -0.000001
8.875201 -0.000001
-8.875202 0.000002
-8.875200 0.000002
8.875200 0.000001
-8.875200 -0.000000
8.875203 -0.000001
8.875200 -0.000001
-8.875204 0.000002
8.875203 -0.000002
-8.875203 0.000001
-8.875203 0.000003
-8.875202 0.000001
-8.875202 -0.000000
-8.875204 0.000002
8.875201 -0.000001
-8.875202 0.000001
-8.875202 0.000002
-8.875204 0.000002
8.875202 -0.000000
-8.875204 -0.000001
8.875201 -0.000000
8.875198 -0.000001
8.875200 -0.000001
0.000001 0.000000
8.875202 -0.000002
8.875202 -0.000002
8.875204 -0.000003
8.875203 -0.000001
8.875204 -0.000002
8.875204 -0.000001
-8.875201 0.000002
8.875203 -0.000001
-8.875201 0.000002
8.875202 -0.000003
8.875202 -0.000001
-8.875200 0.000000
8.875200 0.000000
-8.875201 -0.000001
-8.875200 -0.000001
-8.875204 0.000001
8.875203 -0.000001
-8.875201 0.000002
-8.875203 0.000004
8.875202 -0.000001
8.875202 -0.000000
-8.875204 0.000003
8.875201 -0.000002
8.875202 -0.000002
8.875202 -0.000002
-8.875204 0.000003
0.000001 -0.000002
0.000000 0.000001
0.000001 -0.000000
0.000001 -0.000001
0.000002 0.000000
0.000000 0.000000
0.000000 -0.000000
0.000001 -0.000001
-0.000001 -0.000000
-0.000000 0.000000
0.000000 -0.000001
-8.875203 0.000002
-8.875204 0.000001
8.875204 -0.000002
-8.875201 0.000001
-8.875204 0.000003
8.875200 -0.000001
-8.875202 -0.000002
-8.875201 -0.000001
8.875202 -0.000001
8.875202 -0.000004
8.875202 -0.000001
8.875201 -0.000001
-8.875201 0.000002
-8.875201 0.000004
-8.875204 0.000001
8.875202 -0.000002
-8.875201 0.000002
8.875202 -0.000003
8.875204 -0.000002
8.875204 -0.000000
-8.875204 0.000003
-8.875202 0.000001
8.875202 0.000001
8.875202 0.000000
8.875199 -0.000001
8.875202 -0.000001
0.000001 0.000000
8.875202 -0.000002
8.875201 -0.000004
-8.875201 0.000003
-8.875204 0.000002
8.875203 -0.000000
-8.875201 0.000002
8.875202 -0.000002
8.875204 -0.000002
8.875201 -0.000002
-8.875202 0.000002
-8.875200 0.000001
8.875202 -0.000000
8.875201 -0.000000
-8.875204 -0.000001
-8.875202 0.000000
8.875202 -0.000002
-8.875199 0.000002
8.875201 -0.000004
-8.875203 0.000002
-8.875204 0.000002
-8.875204 0.000002
-8.875203 0.000002
-8.875204 0.000002
8.875204 -0.000001
8.875202 -0.000001
-8.875202 0.000003
-0.000001 0.000001
-0.000001 -0.000002
-0.000000 -0.000001
0.000002 -0.000000
-0.000000 -0.000001
0.000000 0.000000
0.000000 -0.000001
0.000000 0.000001
0.000000 -0.000000
-0.000000 0.000000
0.000001 0.000000
8.875204 -0.000002
-8.875203 0.000003
8.875202 -0.000001
-8.875200 0.000000
-8.875201 0.000001
8.875201 -0.000002
-8.875202 -0.000000
-8.875199 -0.000000
8.875203 -0.000001
-8.875201 -0.000000
-8.875204 0.000002
-8.875202 0.000003
-8.875201 0.000002
-8.875204 0.000004
-8.875202 0.000001
-8.875202 0.000003
-8.875203 0.000003
8.875202 -0.000002
-8.875204 0.000001
8.875202 0.000000
8.875201 -0.000001
-8.875202 0.000002
8.875204 0.000000
8.875202 0.000001
8.875202 -0.000001
8.875200 0.000001
-0.000001 -0.000000
8.875202 -0.000001
8.875202 -0.000003
8.875200 -0.000003
8.875204 -0.000003
-8.875202 0.000002
-8.875202 0.000004
8.875203 -0.000002
-8.875204 0.000001
8.875200 -0.000001
8.875203 -0.000002
8.875203 -0.000002
8.875202 -0.000001
8.875199 -0.000001
-8.875201 -0.000000
-8.875203 0.000001
-8.875204 0.000002
8.875202 -0.000003
8.875201 -0.000002
8.875202 -0.000003
8.875202 -0.000001
-8.875202 0.000001
-8.875203 0.000001
-8.875202 0.000002
-8.875202 0.000002
8.875202 -0.000002
8.875201 -0.000001
0.000001 -0.000001
-0.000000 -0.000001
-0.000001 -0.000002
0.000002 -0.000002
0.000000 0.000001
-0.000000 0.000000
0.000000 -0.000000
0.000001 0.000001
0.000001 -0.000001
0.000001 -0.000001
0.000000 0.000000
8.875205 -0.000002
-8.875200 0.000002
8.875202 0.000001
8.875201 -0.000001
-8.875200 0.000002
-8.875201 0.000002
-8.875204 -0.000001
-8.875200 -0.000000
-8.875201 0.000002
-8.875203 0.000001
8.875203 -0.000002
-8.875202 0.000002
8.875202 -0.000001
-8.875204 0.000003
8.875203 -0.000001
8.875203 -0.000002
8.875201 -0.000003
-8.875204 0.000004
8.875200 -0.000002
-8.875201 0.000002
8.875202 -0.000001
8.875199 -0.000002
-8.875201 0.000001
8.875200 0.000001
8.875204 -0.000001
-8.875202 0.000003
0.000000 0.000000
8.875202 -0.000001
8.875202 -0.000002
8.875202 -0.000003
-8.875204 0.000002
8.875204 -0.000001
8.875203 -0.000002
-8.875200 0.000001
-8.875202 -0.000000
8.875201 -0.000001
8.875200 -0.000002
-8.875203 0.000002
8.875204 0.000001
-8.875202 0.000001
8.875201 -0.000000
-8.875203 0.000003
-8.875203 0.000002
8.875202 -0.000002
8.875204 -0.000004
8.875200 -0.000004
-8.875203 0.000002
8.875203 -0.000003
-8.875201 0.000002
8.875204 -0.000004
-8.875200 0.000002
-8.875201 0.000001
-8.875202 0.000002
0.000001 -0.000001
-0.000001 -0.000000
0.000000 0.000001
-0.000001 -0.000001
0.000000 0.000001
-0.000000 0.000000
-0.000001 -0.000000
0.000001 -0.000000
0.000001 0.000000
0.000000 0.000000
-0.000000 -0.000000
-8.875202 0.000001
-8.875203 0.000001
8.875203 -0.000002
8.875201 -0.000000
-8.875203 0.000003
8.875198 0.000000
-8.875204 0.000000
8.875200 -0.000000
8.875200 -0.000000
8.875204 -0.000002
-8.875204 0.000002
-8.875202 0.000002
8.875202 -0.000004
8.875204 -0.000005
8.875203 -0.000002
8.875202 -0.000001
-8.875202 0.000003
-8.875200 0.000002
8.875203 -0.000001
8.875200 -0.000003
8.875200 -0.000001
-8.875202 0.000003
-8.875202 0.000001
-8.875202 -0.000001
-8.875203 0.000000
8.875200 -0.000003
0.000000 -0.000001
8.875202 -0.000002
8.875202 -0.000002
8.875201 -0.000003
8.875204 -0.000002
8.875202 -0.000002
8.875204 -0.000002
8.875203 -0.000001
8.875203 -0.000001
-8.875201 -0.000000
-8.875201 0.000001
-8.875198 0.000002
-8.875202 0.000002
-8.875200 0.000002
-8.875200 0.000002
8.875200 -0.000003
8.875204 -0.000002
8.875202 -0.000002
8.875202 -0.000003
-8.875202 0.000004
8.875203 -0.000002
-8.875202 0.000000
-8.875202 0.000002
8.875202 -0.000002
8.875203 -0.000001
-8.875200 0.000003
8.875200 -0.000001
0.000000 0.000001
-0.000001 0.000001
-0.000000 0.000002
0.000001 0.000001
0.000001 -0.000000
-0.000000 0.000000
0.000000 0.000000
0.000001 -0.000001
0.000000 -0.000001
0.000001 -0.000000
0.000000 -0.000001
8.875205 -0.000002
-8.875201 0.000002
-8.875202 0.000002
-8.875203 0.000002
-8.875200 0.000001
-8.875199 0.000002
8.875203 -0.000001
8.875203 -0.000000
-8.875202 0.000002
-8.875203 0.000002
8.875202 -0.000002
8.875202 -0.000003
8.875202 -0.000005
-8.875205 0.000003
8.875203 -0.000002
-8.875202 0.000002
-8.875202 0.000001
8.875200 -0.000001
8.875202 -0.000001
-8.875200 0.000002
-8.875202 0.000003
8.875201 -0.000003
8.875203 -0.000002
8.875201 -0.000002
-8.875202 0.000001
-8.875202 0.000004
-0.000000 0.000000
8.875202 -0.000001
8.875201 -0.000002
8.875203 -0.000004
8.875202 -0.000002
8.875204 -0.000001
8.875203 -0.000004
-8.875203 0.000000
8.875202 -0.000001
-8.875201 0.000003
-8.875200 0.000002
8.875201 -0.000001
8.875203 -0.000001
8.875201 -0.000002
8.875202 0.000001
-8.875201 0.000000
8.875202 -0.000002
8.875202 -0.000003
-8.875202 0.000003
-8.875203 0.000004
8.875203 -0.000001
8.875202 -0.000001
-8.875202 0.000003
8.875200 -0.000003
-8.875202 0.000001
8.875200 -0.000001
8.875198 -0.000001
-0.000001 -0.000002
0.000001 -0.000001
0.000001 -0.000001
-0.000002 -0.000000
0.000001 0.000001
0.000001 0.000000
0.000001 -0.000000
-0.000001 -0.000001
0.000000 -0.000001
0.000000 -0.000000
0.000001 -0.000001
-8.875204 0.000003
-8.875202 0.000003
8.875202 -0.000000
-8.875201 0.000000
8.875200 -0.000002
-8.875200 0.000003
-8.875202 -0.000000
8.875201 -0.000000
-8.875202 0.000000
8.875203 -0.000002
-8.875203 0.000002
-8.875202 0.000003
-8.875201 0.000002
-8.875202 0.000003
-8.875204 0.000002
8.875204 -0.000001
-8.875202 0.000002
-8.875205 0.000002
8.875202 -0.000002
-8.875199 0.000003
-8.875204 0.000002
8.875198 -0.000001
8.875203 0.000000
-8.875202 0.000000
-8.875201 0.000001
8.875202 -0.000002
0.000001 0.000000
8.875201 -0.000002
-8.875202 0.000002
8.875204 -0.000003
-8.875203 0.000002
8.875201 -0.000003
-8.875204 0.000001
-8.875200 0.000002
8.875202 -0.000002
8.875201 0.000000
-8.875204 0.000003
-8.875204 0.000002
8.875202 -0.000001
8.875203 -0.000000
8.875200 -0.000001
8.875199 -0.000004
8.875203 -0.000003
8.875202 -0.000002
8.875201 -0.000003
8.875202 -0.000004
-8.875204 0.000002
8.875202 -0.000002
8.875204 -0.000002
8.875203 -0.000001
-8.875202 0.000001
8.875201 -0.000003
-8.875200 0.000002
0.000002 0.000000
-0.000001 -0.000001
-0.000001 -0.000001
-0.000001 0.000001
0.000001 -0.000001
-0.000000 0.000000
0.000000 0.000001
-0.000001 0.000000
-0.000000 0.000000
0.000000 0.000001
-0.000000 0.000001
-8.875203 0.000003
8.875202 -0.000004
-8.875202 0.000002
8.875202 -0.000000
8.875203 -0.000002
8.875203 -0.000003
-8.875202 0.000001
8.875204 -0.000001
-8.875202 -0.000000
8.875201 -0.000001
-8.875202 0.000002
8.875203 -0.000002
-8.875203 0.000003
-8.875201 0.000003
-8.875203 0.000002
-8.875202 0.000002
8.875200 -0.000003
8.875202 -0.000002
-8.875201 0.000002
8.875200 -0.000001
8.875199 -0.000003
8.875204 -0.000004
-8.875200 0.000001
8.875202 -0.000002
8.875202 -0.000001
-8.875200 0.000000
0.000000 -0.000001
8.875204 -0.000004
-8.875200 0.000002
-8.875202 0.000004
-8.875204 0.000002
-8.875202 0.000002
-8.875205 0.000004
8.875200 -0.000003
8.875202 -0.000000
-8.875202 0.000001
8.875201 -0.000004
8.875201 -0.000002
8.875202 -0.000000
8.875202 -0.000002
-8.875204 -0.000001
8.875203 -0.000000
8.875202 -0.000002
8.875203 -0.000004
-8.875203 0.000003
-8.875199 0.000002
8.875203 -0.000002
-8.875202 0.000001
-8.875204 0.000003
-8.875202 0.000002
-8.875203 0.000001
-8.875200 0.000003
-8.875201 0.000002
0.000000 0.000001
-0.000001 0.000001
0.000001 -0.000001
-0.000000 0.000001
-0.000001 0.000001
0.000000 0.000000
0.000000 -0.000000
0.000002 0.000001
0.000000 0.000000
0.000000 0.000000
-0.000001 0.000001
-8.875204 0.000003
8.875202 -0.000002
-8.875202 0.000002
8.875202 -0.000002
8.875201 -0.000001
8.875200 -0.000002
-8.875202 -0.000002
8.875201 -0.000001
8.875203 -0.000002
8.875200 -0.000001
-8.875204 0.000002
-8.875202 0.000002
8.875203 -0.000003
8.875206 -0.000005
8.875204 -0.000003
-8.875205 0.000003
-8.875203 0.000004
-8.875200 0.000002
8.875202 -0.000001
8.875202 -0.000002
8.875201 -0.000002
-8.875202 0.000003
8.875204 0.000001
-8.875200 0.000000
8.875202 -0.000003
-8.875204 0.000002
0.000000 -0.000001
8.875202 -0.000002
8.875203 -0.000003
8.875201 -0.000003
8.875204 -0.000002
-8.875204 0.000002
8.875204 -0.000003
8.875204 -0.000003
-8.875202 0.000001
8.875202 -0.000002
-8.875201 0.000001
-8.875200 0.000002
8.875202 -0.000000
8.875203 -0.000000
8.875203 -0.000002
-8.875200 0.000003
8.875204 -0.000003
8.875202 -0.000003
8.875201 -0.000003
8.875202 -0.000003
8.875204 -0.000002
-8.875203 0.000003
8.875203 -0.000002
-8.875202 0.000001
8.875202 -0.000002
8.875202 -0.000002
8.875203 -0.000002
-0.000001 0.000001
0.000000 -0.000001
0.000000 -0.000001
0.000002 -0.000000
0.000000 0.000001
-0.000000 0.000000
0.000001 0.000001
0.000001 -0.000000
0.000000 0.000000
-0.000000 -0.000000
0.000001 0.000000
8.875204 -0.000003
-8.875203 0.000004
8.875202 -0.000002
8.875202 -0.000002
-8.875201 0.000002
-8.875204 0.000003
-8.875201 -0.000000
8.875201 0.000000
-8.875202 0.000002
8.875202 -0.000003
8.875204 -0.000002
-8.875201 0.000001
-8.875203 0.000003
8.875202 -0.000004
8.875204 -0.000002
-8.875202 0.000002
-8.875204 0.000004
8.875202 -0.000002
8.875201 -0.000002
-8.875203 0.000001
8.875201 -0.000002
-8.875202 0.000003
8.875204 -0.000000
-8.875203 0.000000
-8.875202 0.000002
8.875202 -0.000003
-0.000001 0.000000
-8.875203 0.000004
8.875202 -0.000003
8.875204 -0.000005
8.875204 -0.000002
8.875201 -0.000002
8.875204 -0.000004
-8.875201 0.000002
-8.875202 0.000001
8.875202 -0.000002
-8.875201 0.000001
-8.875200 0.000004
8.875203 -0.000000
-8.875201 0.000002
-8.875202 0.000002
8.875202 -0.000003
8.875204 -0.000002
8.875201 -0.000004
-8.875203 0.000003
-8.875202 0.000004
-8.875202 0.000002
8.875202 -0.000003
-8.875204 0.000003
-8.875202 0.000004
8.875203 -0.000001
-8.875201 0.000002
8.875201 -0.000002
-0.000001 0.000002
-0.000001 -0.000002
0.000001 0.000002
-0.000000 -0.000000
0.000000 -0.000003
0.000000 -0.000000
-0.000001 -0.000000
0.000000 0.000001
0.000000 0.000000
0.000000 -0.000000
0.000000 0.000001
8.875204 -0.000004
-8.875203 0.000003
8.875202 -0.000002
-8.875201 0.000002
-8.875201 0.000001
8.875200 -0.000001
-8.875201 0.000001
-8.875202 0.000001
-8.875205 0.000001
8.875202 -0.000002
-8.875203 0.000002
8.875202 -0.000002
-8.875202 0.000004
8.875201 -0.000004
8.875203 -0.000002
-8.875203 0.000002
8.875201 -0.000002
8.875203 -0.000004
-8.875202 0.000001
8.875201 -0.000004
8.875203 -0.000004
-8.875200 0.000001
8.875202 0.000000
8.875202 0.000000
-8.875200 0.000003
8.875204 -0.000004
0.000000 0.000001
-8.875202 0.000002
-8.875202 0.000003
-8.875202 0.000004
8.875204 -0.000002
-8.875202 0.000003
-8.875204 0.000003
8.875201 -0.000001
8.875202 -0.000001
8.875199 -0.000002
-8.875203 0.000002
-8.875200 0.000004
-8.875203 -0.000000
-8.875202 -0.000001
-8.875203 0.000002
8.875200 -0.000002
-8.875203 0.000002
8.875202 -0.000003
8.875202 -0.000004
8.875203 -0.000004
8.875203 -0.000002
-8.875203 0.000002
-8.875203 0.000003
-8.875201 0.000003
-8.875202 0.000002
-8.875203 0.000002
8.875201 -0.000002
-0.000000 0.000000
0.000000 0.000000
0.000001 0.000001
-0.000001 0.000000
0.000000 -0.000000
-0.000000 0.000001
0.000002 0.000001
0.000000 0.000001
-0.000001 0.000001
-0.000001 0.000001
0.000000 -0.000000
8.875204 -0.000002
8.875202 -0.000003
8.875202 -0.000001
8.875202 -0.000002
8.875202 -0.000004
8.875200 -0.000003
-8.875201 0.000000
8.875203 -0.000003
8.875201 -0.000001
8.875201 -0.000002
-8.875204 0.000003
-8.875201 0.000004
8.875203 -0.000003
8.875202 -0.000004
-8.875203 0.000002
8.875202 -0.000002
8.875203 -0.000003
8.875204 -0.000002
8.875200 -0.000002
8.875202 -0.000003
-8.875198 0.000002
8.875203 -0.000003
8.875202 -0.000000
8.875202 -0.000002
-8.875204 0.000002
-8.875200 -0.000001
0.000000 -0.000000
8.875204 -0.000002
8.875202 -0.000003
-8.875200 0.000006
-8.875203 0.000002
-8.875202 0.000004
8.875202 -0.000002
8.875202 -0.000004
-8.875202 0.000002
8.875202 -0.000003
8.875204 -0.000002
-8.875200 0.000002
-8.875203 0.000001
8.875203 -0.000002
-8.875199 0.000002
8.875203 -0.000000
8.875204 -0.000003
-8.875201 0.000002
-8.875201 0.000004
-8.875200 0.000004
8.875203 -0.000003
-8.875202 0.000003
-8.875203 0.000003
-8.875200 0.000004
-8.875200 0.000003
8.875202 -0.000003
8.875200 -0.000003
0.000001 0.000000
-0.000000 0.000001
0.000002 -0.000002
0.000000 -0.000001
-0.000002 -0.000002
0.000000 0.000001
-0.000000 0.000000
-0.000000 -0.000001
0.000000 0.000000
-0.000000 0.000001
-0.000000 -0.000001
8.875204 -0.000004
-8.875204 0.000001
8.875202 -0.000002
-8.875202 0.000003
-8.875201 0.000004
-8.875200 0.000003
8.875204 -0.000001
8.875202 -0.000001
-8.875203 0.000002
8.875201 -0.000003
-8.875204 0.000001
8.875204 -0.000003
8.875202 -0.000004
-8.875202 0.000004
-8.875203 0.000001
8.875203 -0.000002
8.875203 -0.000003
8.875200 -0.000003
-8.875202 0.000002
-8.875200 0.000003
8.875200 -0.000002
8.875202 -0.000002
8.875200 -0.000000
8.875199 -0.000000
8.875203 -0.000001
8.875202 -0.000001
0.000001 0.000001
-8.875202 0.000002
-8.875200 0.000003
-8.875200 0.000003
8.875204 -0.000003
-8.875204 0.000003
-8.875204 0.000003
-8.875204 0.000005
8.875202 -0.000002
-8.875202 0.000003
-8.875203 0.000003
8.875200 -0.000004
-8.875202 -0.000001
-8.875202 -0.000000
-8.875205 0.000001
-8.875199 0.000001
-8.875204 0.000002
8.875202 -0.000002
8.875202 -0.000003
8.875202 -0.000005
8.875203 -0.000002
8.875203 -0.000002
8.875205 -0.000004
-8.875200 0.000003
-8.875202 0.000002
8.875202 -0.000001
-8.875200 0.000003
-0.000000 -0.000001
0.000001 -0.000000
0.000003 -0.000001
-0.000001 0.000002
0.000001 -0.000001
-0.000000 -0.000000
0.000000 0.000000
-0.000001 0.000001
-0.000001 0.000001
-0.000000 0.000000
0.000000 -0.000001
8.875204 -0.000003
8.875201 -0.000003
-8.875201 0.000002
-8.875200 0.000000
8.875202 -0.000001
8.875202 -0.000004
8.875201 -0.000001
-8.875205 0.000003
-8.875200 0.000001
8.875204 -0.000002
-8.875203 0.000003
8.875201 -0.000003
8.875203 -0.000004
-8.875201 0.000003
-8.875202 0.000003
8.875202 -0.000003
8.875203 -0.000003
-8.875203 0.000004
8.875202 -0.000002
8.875203 -0.000002
-8.875201 0.000003
8.875200 -0.000003
-8.875202 0.000000
-8.875202 0.000002
8.875203 -0.000001
8.875201 -0.000003
0.000000 -0.000000
-8.875202 0.000003
-8.875202 0.000003
-8.875200 0.000004
-8.875204 0.000002
8.875202 -0.000002
-8.875202 0.000003
8.875201 -0.000003
-8.875203 0.000002
8.875204 -0.000002
-8.875202 0.000004
8.875202 -0.000004
8.875203 -0.000002
-8.875201 0.000003
8.875200 -0.000001
-8.875198 0.000001
8.875203 -0.000003
-8.875203 0.000003
8.875205 -0.000004
-8.875201 0.000004
8.875204 -0.000001
-8.875202 0.000002
8.875205 -0.000004
-8.875203 0.000004
-8.875202 0.000003
8.875201 -0.000002
-8.875201 0.000003
0.000000 0.000001
-0.000000 -0.000001
-0.000002 0.000002
-0.000001 -0.000000
0.000000 -0.000001
0.000000 -0.000001
-0.000001 0.000000
0.000000 -0.000000
0.000000 0.000000
-0.000000 -0.000001
-0.000000 -0.000001
-8.875203 0.000004
-8.875202 0.000004
-8.875201 0.000002
-8.875200 0.000002
8.875202 -0.000003
8.875203 -0.000005
8.875203 -0.000003
-8.875200 0.000001
-8.875202 0.000002
-8.875199 0.000001
-8.875203 0.000003
8.875201 -0.000003
8.875202 -0.000004
-8.875203 0.000005
8.875203 -0.000003
-8.875204 0.000002
-8.875202 0.000003
8.875202 -0.000004
8.875204 -0.000002
8.875201 -0.000002
8.875200 -0.000002
8.875202 -0.000002
8.875203 -0.000002
8.875204 -0.000003
8.875202 -0.000001
8.875202 -0.000002
0.000000 -0.000001
-8.875201 0.000003
8.875202 -0.000003
8.875202 -0.000003
-8.875204 0.000002
8.875204 -0.000002
8.875205 -0.000003
8.875202 -0.000004
8.875203 -0.000003
8.875200 -0.000001
8.875204 -0.000005
8.875205 -0.000005
8.875203 -0.000003
8.875202 -0.000001
-8.875202 0.000001
8.875203 -0.000002
8.875203 -0.000003
8.875203 -0.000004
-8.875200 0.000005
-8.875201 0.000004
8.875203 -0.000001
-8.875204 0.000003
8.875202 -0.000004
8.875202 -0.000002
8.875202 -0.000003
-8.875201 0.000002
-8.875200 0.000001
0.000001 0.000000
0.000001 -0.000001
-0.000001 -0.000001
0.000002 0.000002
-0.000000 0.000001
0.000000 0.000000
-0.000001 0.000000
0.000001 -0.000001
0.000000 -0.000000
0.000000 -0.000000
0.000000 -0.000002
-8.875204 0.000003
-8.875203 0.000003
8.875202 -0.000003
-8.875200 0.000003
-8.875201 0.000003
8.875200 -0.000001
8.875201 -0.000001
8.875202 -0.000000
8.875202 0.000000
8.875202 -0.000004
-8.875202 0.000004
-8.875202 0.000003
8.875202 -0.000004
8.875203 -0.000003
-8.875203 0.000003
8.875201 -0.000001
-8.875201 0.000003
8.875205 -0.000004
-8.875200 0.000001
8.875202 -0.000003
-8.875200 0.000005
-8.875200 0.000003
-8.875202 -0.000000
-8.875202 0.000002
-8.875206 0.000002
8.875200 -0.000001
0.000001 0.000000
8.875201 -0.000003
8.875200 -0.000004
-8.875202 0.000005
-8.875204 0.000002
-8.875202 0.000003
8.875204 -0.000004
8.875203 -0.000004
8.875202 -0.000003
-8.875202 0.000002
8.875203 -0.000001
-8.875200 0.000003
8.875203 -0.000001
-8.875202 0.000002
-8.875202 0.000001
-8.875204 0.000003
8.875204 -0.000003
-8.875202 0.000003
8.875202 -0.000003
8.875201 -0.000004
-8.875203 0.000003
-8.875203 0.000003
8.875203 -0.000003
8.875201 -0.000003
8.875202 -0.000002
8.875200 -0.000002
-8.875202 0.000003
0.000001 0.000000
0.000000 -0.000001
0.000000 -0.000001
0.000001 0.000001
0.000003 -0.000001
-0.000000 0.000000
0.000000 0.000001
0.000001 -0.000001
0.000000 0.000002
0.000000 0.000000
0.000000 -0.000000
-8.875202 0.000003
8.875201 -0.000004
8.875202 -0.000003
-8.875200 0.000003
-8.875200 0.000003
8.875203 -0.000002
8.875204 -0.000002
8.875203 -0.000000
8.875201 -0.000001
8.875201 0.000000
-8.875203 0.000003
8.875202 -0.000005
-8.875203 0.000004
8.875204 -0.000006
-8.875203 0.000002
-8.875204 0.000002
-8.875202 0.000005
-8.875200 0.000005
-8.875202 0.000001
8.875201 -0.000002
8.875202 -0.000003
8.875202 -0.000003
8.875204 -0.000003
8.875200 -0.000004
-8.875204 0.000001
-8.875204 0.000001
0.000000 0.000000
-8.875202 0.000003
8.875200 -0.000004
8.875202 -0.000003
8.875204 -0.000004
8.875203 -0.000002
8.875204 -0.000003
8.875203 -0.000002
8.875202 -0.000001
8.875200 -0.000004
8.875202 -0.000004
8.875203 -0.000005
8.875204 -0.000002
-8.875201 -0.000000
-8.875199 0.000002
-8.875201 0.000003
8.875203 -0.000003
-8.875202 0.000004
-8.875201 0.000004
8.875202 -0.000003
8.875203 -0.000002
-8.875204 0.000003
-8.875202 0.000002
8.875202 -0.000005
8.875202 -0.000003
-8.875203 0.000003
-8.875202 0.000003
0.000003 -0.000000
0.000001 -0.000001
0.000002 -0.000000
0.000000 0.000001
0.000002 0.000003
0.000001 -0.000000
-0.000000 0.000000
0.000002 0.000000
0.000000 -0.000000
0.000000 -0.000000
0.000000 -0.000001
-8.875203 0.000004
-8.875203 0.000004
8.875202 -0.000002
-8.875201 0.000004
8.875203 -0.000004
8.875200 -0.000002
8.875203 -0.000001
8.875201 -0.000003
-8.875201 0.000001
8.875201 -0.000004
-8.875203 0.000004
-8.875203 0.000002
-8.875202 0.000005
-8.875202 0.000004
-8.875202 0.000003
8.875201 -0.000001
-8.875204 0.000003
8.875203 -0.000003
-8.875202 0.000002
8.875200 -0.000002
8.875201 -0.000003
-8.875200 0.000002
8.875203 -0.000003
-8.875200 0.000001
8.875202 -0.000003
-8.875202 0.000003
0.000001 -0.000000
-8.875202 0.000003
8.875203 -0.000004
8.875200 -0.000003
-8.875202 0.000003
-8.875203 0.000001
8.875205 -0.000002
8.875201 -0.000004
8.875202 -0.000003
-8.875205 0.000003
8.875203 -0.000004
8.875202 -0.000003
8.875203 -0.000003
8.875201 -0.000002
-8.875201 0.000002
8.875205 -0.000002
-8.875203 0.000003
-8.875203 0.000003
-8.875202 0.000004
-8.875200 0.000004
8.875202 -0.000002
-8.875201 0.000003
-8.875204 0.000003
-8.875203 0.000005
-8.875202 0.000002
-8.875200 0.000002
8.875201 -0.000003
-0.000000 -0.000001
0.000001 -0.000002
0.000000 -0.000002
0.000000 0.000001
0.000000 -0.000000
-0.000001 -0.000000
-0.000001 -0.000001
0.000000 0.000000
-0.000001 -0.000001
-0.000000 0.000001
0.000000 0.000001
8.875203 -0.000004
8.875201 -0.000002
-8.875201 0.000002
-8.875200 0.000002
-8.875202 0.000005
8.875202 -0.000004
8.875202 -0.000000
-8.875203 0.000001
8.875204 -0.000002
-8.875202 0.000003
-8.875202 0.000003
-8.875203 0.000003
8.875204 -0.000004
8.875201 -0.000004
-8.875202 0.000003
-8.875204 0.000002
-8.875202 0.000003
8.875201 -0.000004
8.875202 -0.000001
8.875202 -0.000002
-8.875202 0.000005
8.875202 -0.000003
-8.875203 0.000000
-8.875200 -0.000000
8.875201 -0.000004
-8.875200 0.000003
-0.000000 -0.000000
-8.875202 0.000004
8.875203 -0.000005
8.875202 -0.000002
-8.875204 0.000003
8.875202 -0.000004
8.875205 -0.000003
8.875203 -0.000006
-8.875203 0.000002
8.875200 -0.000004
-8.875202 0.000004
-8.875200 0.000004
-8.875202 0.000001
8.875203 0.000001
8.875202 -0.000003
8.875202 -0.000002
-8.875202 0.000004
-8.875201 0.000002
8.875204 -0.000005
-8.875203 0.000005
8.875202 -0.000003
-8.875204 0.000003
-8.875202 0.000003
8.875203 -0.000003
-8.875202 0.000003
-8.875202 0.000002
-8.875202 0.000005
0.000002 -0.000000
0.000000 0.000000
-0.000002 0.000000
0.000001 -0.000002
-0.000002 0.000002
-0.000000 0.000000
0.000000 0.000001
-0.000000 -0.000002
-0.000000 0.000001
0.000001 -0.000001
-0.000001 0.000000
-8.875202 0.000003
8.875201 -0.000005
-8.875203 0.000003
8.875201 -0.000003
-8.875202 0.000004
-8.875200 0.000003
8.875204 -0.000003
8.875204 -0.000003
8.875202 -0.000003
8.875202 -0.000001
8.875203 -0.000003
-8.875202 0.000004
8.875200 -0.000005
8.875202 -0.000006
8.875203 -0.000002
8.875203 -0.000003
8.875203 -0.000004
-8.875201 0.000004
-8.875203 0.000003
-8.875200 0.000003
-8.875202 0.000004
8.875202 -0.000002
8.875203 -0.000003
8.875202 -0.000003
8.875202 -0.000002
8.875202 -0.000005
-0.000000 0.000000
8.875202 -0.000004
8.875202 -0.000005
-8.875200 0.000004
8.875202 -0.000002
-8.875203 0.000003
-8.875202 0.000004
-8.875203 0.000005
8.875201 -0.000002
8.875203 -0.000002
-8.875202 0.000005
8.875200 -0.000003
8.875202 -0.000002
8.875202 -0.000004
8.875202 -0.000004
8.875202 -0.000006
-8.875203 0.000004
8.875202 -0.000003
-8.875202 0.000004
-8.875202 0.000007
-8.875203 0.000003
8.875203 -0.000003
-8.875201 0.000005
8.875201 -0.000005
-8.875203 0.000002
8.875202 -0.000003
-8.875202 0.000003
0.000000 -0.000001
0.000001 -0.000002
0.000002 -0.000000
-0.000000 -0.000002
0.000001 -0.000001
-0.000001 0.000000
0.000000 0.000001
0.000000 0.000000
0.000000 -0.000001
0.000000 -0.000001
0.000000 0.000000
-8.875205 0.000003
-8.875202 0.000005
-8.875203 0.000003
-8.875202 0.000005
8.875200 -0.000003
8.875201 -0.000003
8.875205 -0.000002
8.875201 -0.000002
8.875201 -0.000005
-8.875201 0.000003
-8.875202 0.000004
8.875201 -0.000004
-8.875202 0.000003
-8.875201 0.000004
8.875202 -0.000003
8.875202 -0.000003
8.875202 -0.000002
-8.875201 0.000004
-8.875202 0.000003
8.875200 -0.000003
8.875200 -0.000005
-8.875202 0.000003
8.875204 -0.000003
8.875202 -0.000003
8.875202 -0.000003
-8.875204 0.000003
0.000000 0.000000
8.875203 -0.000005
-8.875201 0.000004
-8.875204 0.000005
-8.875203 0.000003
8.875202 -0.000003
-8.875203 0.000005
8.875202 -0.000006
8.875201 -0.000002
-8.875202 0.000002
-8.875200 0.000002
-8.875201 0.000002
8.875203 -0.000003
8.875203 -0.000003
-8.875201 0.000001
-8.875203 0.000004
8.875202 -0.000004
-8.875199 0.000003
-8.875202 0.000004
8.875199 -0.000005
-8.875204 0.000004
-8.875202 0.000004
-8.875204 0.000004
8.875201 -0.000005
-8.875204 0.000002
-8.875200 0.000003
8.875200 -0.000003
0.000001 0.000000
0.000001 -0.000002
0.000000 -0.000002
0.000002 -0.000001
0.000000 0.000002
-0.000000 -0.000001
-0.000001 0.000001
0.000000 0.000000
-0.000001 -0.000000
0.000000 -0.000001
0.000001 0.000001
-8.875203 0.000005
8.875204 -0.000003
-8.875202 0.000004
8.875201 -0.000003
8.875203 -0.000001
8.875202 -0.000005
8.875202 -0.000001
-8.875201 0.000001
-8.875201 0.000002
8.875204 -0.000002
8.875202 -0.000004
-8.875202 0.000003
8.875202 -0.000004
-8.875200 0.000005
8.875204 -0.000002
8.875200 -0.000004
-8.875203 0.000004
-8.875202 0.000004
8.875201 -0.000002
8.875200 -0.000004
8.875199 -0.000004
-8.875201 0.000003
-8.875202 0.000002
8.875202 -0.000001
8.875200 -0.000002
-8.875204 0.000001
-0.000000 0.000000
-8.875201 0.000004
8.875204 -0.000005
-8.875204 0.000006
8.875202 -0.000004
8.875202 -0.000002
8.875205 -0.000004
8.875202 -0.000003
-8.875204 0.000002
-8.875201 0.000001
-8.875201 0.000002
8.875202 -0.000004
8.875202 -0.000002
-8.875203 0.000002
-8.875203 0.000003
-8.875202 0.000004
-8.875202 0.000004
8.875202 -0.000003
8.875202 -0.000004
8.875202 -0.000005
8.875204 -0.000003
-8.875202 0.000002
8.875205 -0.000005
-8.875204 0.000003
-8.875203 0.000003
-8.875200 0.000004
-8.875199 0.000004
0.000000 -0.000000
-0.000000 -0.000000
-0.000000 0.000002
0.000000 0.000002
0.000001 0.000000
0.000000 -0.000001
-0.000000 -0.000001
-0.000000 0.000001
0.000002 -0.000000
-0.000000 -0.000000
-0.000000 0.000000
8.875204 -0.000003
-8.875204 0.000005
8.875202 -0.000003
-8.875202 0.000003
-8.875199 0.000003
8.875200 -0.000003
-8.875202 0.000003
-8.875203 0.000002
-8.875203 0.000004
8.875204 -0.000003
8.875204 -0.000003
-8.875202 0.000004
8.875202 -0.000005
-8.875200 0.000005
-8.875203 0.000004
-8.875205 0.000003
-8.875202 0.000003
-8.875201 0.000004
-8.875200 0.000002
8.875202 -0.000002
8.875200 -0.000003
-8.875202 0.000002
-8.875200 0.000002
-8.875203 0.000005
8.875202 -0.000003
8.875200 -0.000003
0.000000 0.000000
8.875202 -0.000004
-8.875202 0.000004
-8.875203 0.000005
-8.875204 0.000003
-8.875202 0.000004
-8.875202 0.000004
8.875202 -0.000003
8.875204 -0.000002
-8.875202 0.000003
-8.875201 0.000004
8.875202 -0.000004
8.875202 -0.000002
-8.875203 0.000002
-8.875203 0.000002
-8.875204 0.000002
-8.875204 0.000004
8.875202 -0.000004
8.875202 -0.000005
8.875202 -0.000005
8.875203 -0.000004
-8.875203 0.000004
-8.875202 0.000004
8.875201 -0.000005
8.875202 -0.000003
8.875202 -0.000003
8.875200 -0.000003
0.000000 -0.000001
-0.000002 -0.000000
-0.000001 0.000001
0.000000 -0.000000
0.000003 0.000000
0.000000 0.000000
0.000000 0.000000
0.000000 -0.000001
0.000000 -0.000001
0.000000 -0.000001
-0.000001 0.000000
8.875202 -0.000004
-8.875200 0.000004
-8.875202 0.000002
-8.875202 0.000004
8.875204 -0.000004
-8.875203 0.000002
8.875202 -0.000002
8.875202 -0.000000
-8.875202 0.000003
-8.875205 0.000004
-8.875202 0.000004
8.875203 -0.000004
-8.875202 0.000004
8.875202 -0.000006
8.875203 -0.000002
-8.875202 0.000003
8.875202 -0.000006
-8.875202 0.000003
8.875202 -0.000002
-8.875202 0.000004
8.875204 -0.000004
-8.875200 0.000005
-8.875203 0.000003
8.875200 -0.000003
-8.875199 0.000004
-8.875203 0.000004
0.000000 -0.000000
-8.875202 0.000004
-8.875203 0.000005
-8.875204 0.000005
-8.875202 0.000004
8.875203 -0.000003
8.875202 -0.000005
-8.875204 0.000004
8.875202 -0.000002
8.875200 -0.000002
8.875202 -0.000004
8.875199 -0.000003
-8.875202 0.000003
-8.875202 0.000001
8.875202 0.000000
-8.875201 0.000004
-8.875202 0.000003
8.875203 -0.000003
-8.875202 0.000004
8.875202 -0.000005
-8.875203 0.000002
8.875202 -0.000004
8.875202 -0.000004
-8.875202 0.000002
8.875202 -0.000003
-8.875202 0.000002
8.875202 -0.000004
-0.000002 -0.000001
0.000001 0.000000
0.000002 0.000001
-0.000002 0.000000
-0.000001 0.000000
-0.000000 -0.000001
0.000000 0.000001
0.000000 0.000001
0.000000 -0.000001
0.000000 -0.000000
0.000000 -0.000000
8.875202 -0.000003
-8.875203 0.000006
8.875202 -0.000003
-8.875201 0.000004
8.875203 -0.000006
8.875200 -0.000002
8.875204 -0.000002
-8.875201 0.000001
-8.875197 0.000002
-8.875204 0.000003
-8.875202 0.000004
-8.875203 0.000004
-8.875200 0.000006
8.875204 -0.000005
-8.875204 0.000004
8.875201 -0.000003
-8.875205 0.000004
-8.875201 0.000004
-8.875202 0.000004
8.875200 -0.000003
8.875201 -0.000004
-8.875204 0.000003
8.875203 -0.000004
8.875203 -0.000002
8.875202 -0.000003
-8.875204 0.000004
-0.000000 0.000000
-8.875202 0.000003
-8.875201 0.000005
8.875202 -0.000004
-8.875203 0.000004
-8.875202 0.000003
8.875202 -0.000002
8.875203 -0.000005
-8.875202 0.000004
-8.875203 0.000002
8.875201 -0.000004
-8.875200 0.000004
8.875202 -0.000003
8.875201 -0.000003
8.875201 -0.000003
8.875202 -0.000002
8.875202 -0.000004
-8.875203 0.000004
8.875204 -0.000005
8.875204 -0.000006
-8.875204 0.000003
-8.875203 0.000004
-8.875203 0.000005
-8.875201 0.000005
8.875202 -0.000003
-8.875202 0.000004
8.875203 -0.000004
0.000001 0.000002
0.000001 -0.000002
-0.000001 -0.000001
-0.000000 -0.000002
-0.000000 -0.000000
0.000000 0.000000
-0.000001 -0.000000
0.000001 -0.000001
-0.000000 0.000001
0.000000 0.000001
-0.000002 0.000000
-8.875202 0.000004
8.875201 -0.000004
-8.875202 0.000003
8.875202 -0.000003
-8.875199 0.000003
8.875202 -0.000003
8.875202 -0.000002
-8.875200 0.000000
-8.875200 0.000002
8.875202 -0.000002
8.875202 -0.000004
-8.875202 0.000004
-8.875203 0.000005
8.875202 -0.000005
-8.875202 0.000003
8.875201 -0.000002
-8.875204 0.000005
8.875204 -0.000003
8.875202 -0.000003
8.875199 -0.000005
8.875200 -0.000002
8.875202 -0.000004
-8.875203 0.000002
8.875202 -0.000002
8.875203 -0.000003
-8.875202 0.000002
0.000001 -0.000000
8.875204 -0.000004
8.875202 -0.000005
8.875202 -0.000004
8.875202 -0.000004
-8.875202 0.000003
-8.875202 0.000004
8.875203 -0.000005
-8.875202 0.000003
-8.875202 0.000002
-8.875203 0.000005
-8.875200 0.000004
-8.875202 0.000003
8.875200 -0.000001
8.875198 -0.000002
8.875202 -0.000001
8.875202 -0.000004
8.875202 -0.000004
8.875201 -0.000005
8.875204 -0.000005
8.875202 -0.000003
-8.875201 0.000002
8.875202 -0.000005
-8.875200 0.000005
8.875202 -0.000003
-8.875199 0.000005
8.875202 -0.000005
0.000001 0.000001
0.000001 0.000001
-0.000000 -0.000001
0.000000 -0.000001
-0.000000 -0.000001
-0.000001 0.000000
0.000000 0.000000
-0.000000 0.000001
0.000000 -0.000001
0.000000 -0.000001
-0.000001 -0.000001
8.875204 -0.000003
-8.875201 0.000004
-8.875202 0.000003
-8.875200 0.000003
8.875204 -0.000005
-8.875202 0.000004
8.875203 -0.000003
-8.875201 0.000002
-8.875201 0.000002
-8.875203 0.000004
-8.875204 0.000003
-8.875202 0.000005
8.875202 -0.000004
8.875202 -0.000006
8.875202 -0.000002
8.875202 -0.000004
8.875202 -0.000004
-8.875201 0.000003
8.875202 -0.000003
-8.875202 0.000005
8.875202 -0.000004
-8.875200 0.000004
8.875200 -0.000002
8.875203 -0.000002
8.875205 -0.000003
8.875202 -0.000004
-0.000000 -0.000000
-8.875202 0.000003
8.875204 -0.000005
-8.875202 0.000004
-8.875204 0.000005
-8.875204 0.000003
-8.875204 0.000003
-8.875203 0.000007
-8.875202 0.000002
8.875200 -0.000003
-8.875200 0.000003
8.875202 -0.000004
-8.875203 0.000001
8.875199 -0.000003
8.875201 -0.000003
-8.875203 0.000001
-8.875204 0.000004
-8.875202 0.000004
-8.875202 0.000005
-8.875202 0.000005
-8.875202 0.000003
8.875204 -0.000003
-8.875204 0.000005
-8.875203 0.000005
8.875202 -0.000002
-8.875202 0.000004
8.875202 -0.000003
-0.000003 0.000000
0.000001 -0.000001
-0.000001 -0.000001
-0.000001 -0.000000
0.000000 0.000001
0.000000 -0.000001
0.000001 -0.000000
0.000001 -0.000001
-0.000000 -0.000001
-0.000001 0.000001
-0.000001 -0.000000
-8.875201 0.000005
8.875203 -0.000004
8.875202 -0.000002
-8.875202 0.000004
-8.875201 0.000003
-8.875201 0.000005
-8.875201 0.000002
8.875201 -0.000001
-8.875204 0.000005
8.875201 -0.000002
-8.875203 0.000004
8.875202 -0.000005
8.875201 -0.000005
8.875201 -0.000007
-8.875202 0.000002
-8.875201 0.000002
-8.875202 0.000005
-8.875202 0.000005
-8.875203 0.000003
-8.875203 0.000004
8.875201 -0.000005
8.875202 -0.000003
8.875202 -0.000003
-8.875201 0.000002
-8.875203 0.000004
-8.875200 0.000003
-0.000000 0.000001
8.875202 -0.000004
8.875200 -0.000005
8.875202 -0.000006
8.875203 -0.000005
-8.875202 0.000003
-8.875203 0.000004
-8.875201 0.000002
-8.875202 0.000003
-8.875202 0.000005
8.875201 -0.000004
-8.875203 0.000005
8.875201 -0.000003
8.875203 -0.000001
-8.875202 0.000003
8.875203 -0.000002
8.875203 -0.000004
8.875202 -0.000004
8.875203 -0.000004
-8.875201 0.000005
8.875202 -0.000003
8.875203 -0.000005
-8.875202 0.000003
-8.875204 0.000005
-8.875201 0.000004
-8.875201 0.000004
-8.875203 0.000005
-0.000001 0.000001
0.000000 -0.000000
0.000000 0.000000
-0.000001 0.000001
-0.000001 -0.000001
-0.000001 0.000000
-0.000000 0.000001
-0.000000 -0.000001
0.000000 0.000001
0.000000 -0.000001
0.000000 -0.000001
8.875203 -0.000005
-8.875206 0.000005
-8.875203 0.000003
-8.875199 0.000005
-8.875202 0.000004
8.875203 -0.000004
8.875202 -0.000003
8.875200 -0.000002
-8.875201 0.000004
8.875203 -0.000003
-8.875203 0.000003
-8.875202 0.000005
8.875203 -0.000006
-8.875201 0.000005
8.875203 -0.000003
8.875202 -0.000004
-8.875204 0.000003
-8.875202 0.000006
-8.875203 0.000004
8.875202 -0.000004
-8.875202 0.000005
8.875200 -0.000004
-8.875201 0.000002
-8.875203 0.000001
8.875202 -0.000002
-8.875205 0.000004
-0.000001 0.000000
-8.875202 0.000004
-8.875202 0.000004
8.875202 -0.000006
-8.875204 0.000003
8.875202 -0.000003
-8.875201 0.000005
8.875206 -0.000005
-8.875203 0.000004
8.875199 -0.000005
-8.875202 0.000005
-8.875201 0.000003
8.875202 -0.000002
-8.875200 0.000004
-8.875203 0.000002
-8.875203 0.000004
-8.875203 0.000004
8.875202 -0.000006
-8.875203 0.000005
8.875201 -0.000004
8.875203 -0.000004
-8.875202 0.000003
8.875204 -0.000006
8.875202 -0.000005
-8.875203 0.000004
-8.875202 0.000003
-8.875202 0.000004
0.000002 -0.000001
-0.000001 -0.000000
0.000001 0.000002
-0.000001 0.000002
0.000003 0.000000
0.000001 0.000000
-0.000001 -0.000000
-0.000002 -0.000000
-0.000001 0.000000
0.000000 -0.000001
0.000001 -0.000001
8.875202 -0.000005
8.875202 -0.000003
-8.875203 0.000004
-8.875202 0.000003
-8.875200 0.000004
8.875201 -0.000003
-8.875204 0.000003
-8.875205 0.000004
-8.875199 0.000002
-8.875203 0.000006
8.875204 -0.000004
-8.875202 0.000004
-8.875203 0.000005
8.875202 -0.000006
8.875204 -0.000004
-8.875204 0.000004
-8.875205 0.000004
-8.875203 0.000004
-8.875203 0.000004
8.875202 -0.000004
-8.875203 0.000005
8.875199 -0.000003
-8.875202 0.000004
-8.875203 0.000003
8.875202 -0.000004
-8.875202 0.000004
0.000000 0.000000
-8.875204 0.000005
-8.875202 0.000004
8.875202 -0.000005
8.875203 -0.000004
8.875202 -0.000004
-8.875202 0.000005
8.875204 -0.000007
-8.875203 0.000004
-8.875202 0.000003
-8.875202 0.000005
-8.875199 0.000003
-8.875202 0.000003
-8.875203 0.000004
8.875201 -0.000004
-8.875201 0.000006
8.875204 -0.000004
-8.875202 0.000004
-8.875203 0.000004
-8.875202 0.000005
8.875204 -0.000003
-8.875204 0.000005
-8.875203 0.000004
-8.875203 0.000005
-8.875203 0.000005
8.875202 -0.000003
-8.875203 0.000005
0.000000 0.000000
-0.000002 0.000001
-0.000002 0.000001
-0.000002 -0.000001
-0.000001 0.000000
-0.000000 0.000000
0.000000 -0.000000
0.000001 0.000000
-0.000001 0.000000
-0.000000 0.000001
0.000000 0.000001
-8.875204 0.000003
8.875202 -0.000004
8.875203 -0.000004
8.875203 -0.000003
-8.875202 0.000003
8.875202 -0.000006
8.875203 -0.000003
-8.875200 0.000002
8.875202 -0.000003
-8.875200 0.000002
8.875204 -0.000004
8.875202 -0.000004
-8.875202 0.000004
-8.875202 0.000007
-8.875203 0.000004
-8.875204 0.000004
-8.875202 0.000007
8.875200 -0.000005
8.875203 -0.000004
8.875201 -0.000003
8.875202 -0.000004
-8.875198 0.000004
8.875200 -0.000003
8.875204 -0.000003
-8.875204 0.000002
-8.875202 0.000004
0.000000 -0.000001
8.875202 -0.000004
8.875200 -0.000003
-8.875204 0.000006
-8.875204 0.000005
8.875204 -0.000004
8.875204 -0.000005
8.875198 -0.000005
8.875203 -0.000005
8.875201 -0.000005
8.875202 -0.000004
8.875202 -0.000005
-8.875203 0.000001
8.875202 -0.000001
8.875204 -0.000003
8.875202 -0.000003
8.875204 -0.000004
8.875202 -0.000005
-8.875202 0.000005
-8.875200 0.000005
-8.875203 0.000004
-8.875202 0.000005
8.875202 -0.000004
-8.875202 0.000005
8.875203 -0.000004
-8.875201 0.000004
8.875202 -0.000006
-0.000000 -0.000001
0.000001 0.000000
-0.000000 -0.000001
0.000001 -0.000001
-0.000002 -0.000000
-0.000001 0.000000
0.000000 -0.000001
-0.000001 -0.000001
0.000001 -0.000001
0.000000 0.000000
0.000001 -0.000001
-8.875204 0.000004
-8.875201 0.000004
8.875202 -0.000004
-8.875202 0.000002
8.875202 -0.000004
-8.875200 0.000005
-8.875202 0.000002
-8.875204 0.000005
-8.875202 0.000002
-8.875199 0.000003
-8.875202 0.000004
8.875202 -0.000004
8.875203 -0.000005
-8.875202 0.000006
8.875203 -0.000003
-8.875202 0.000004
8.875204 -0.000005
-8.875202 0.000006
-8.875203 0.000003
-8.875200 0.000005
-8.875202 0.000004
-8.875201 0.000005
-8.875201 0.000005
-8.875202 0.000005
-8.875200 0.000004
8.875203 -0.000003
0.000000 0.000000
8.875200 -0.000004
-8.875201 0.000005
-8.875202 0.000005
-8.875204 0.000004
8.875203 -0.000004
-8.875204 0.000004
-8.875205 0.000006
-8.875202 0.000004
8.875202 -0.000002
-8.875202 0.000005
8.875198 -0.000004
8.875202 -0.000002
-8.875202 0.000004
8.875202 -0.000002
8.875199 -0.000006
-8.875202 0.000004
-8.875202 0.000005
8.875203 -0.000007
8.875202 -0.000005
-8.875203 0.000004
8.875202 -0.000005
-8.875202 0.000005
8.875202 -0.000005
-8.875201 0.000004
8.875198 -0.000006
-8.875202 0.000007
-0.000001 -0.000001
-0.000003 -0.000001
-0.000002 0.000002
-0.000002 0.000001
-0.000001 -0.000002
0.760269 1.625536
-1.216480 1.455554
-1.223490 -0.634494
1.039440 -0.722651
1.297835 2.073685
-2.263388 3.162576
3.815261 -0.598706
6.455108 -5.280788
-5.694972 -4.910467
-3.694196 0.117902
-7.149726 3.677289
6.371753 2.050579
6.082941 -2.237756
-8.162931 -4.622433
-4.121298 -3.263099
-2.388633 0.725967
-4.164129 4.810606
-8.409654 6.075941
6.142700 3.456132
7.059480 -0.082579
-7.253764 -0.077663
-6.347546 3.636291
7.844192 6.246454
3.648219 4.413888
2.820639 0.520375
4.319566 -1.657084
5.158017 -2.532782
6.003032 -4.499574
-8.244842 -6.283293
-3.426181 -4.141214
-2.204076 1.610333
-6.118351 5.732471
-1.946930 4.870068
5.762197 1.660480
7.254744 0.355342
-9.817694 1.335680
6.758731 2.161807
5.121336 1.644022
3.883578 0.223477
3.202412 -2.037136
4.027240 -5.056580
7.065839 -7.220617
-6.907763 -6.801686
-4.651561 -4.454650
-4.073559 -2.151738
-3.902580 -0.183822
-4.413624 2.400316
-7.069763 4.736785
6.589466 4.349734
4.212455 0.890782
5.266001 -2.790303
-9.664983 -4.161247
10.333138 -3.520819
-6.233816 -2.232685
-5.850689 -0.718448
-6.521497 0.617405
10.002171 0.716312
-7.849386 -0.213559
-6.590871 -0.086157
2.551126 1.849583
0.456172 3.110187
-1.600846 1.627877
-0.902958 -0.543667
1.026708 -0.223727
