%%
110.429613332
9.1696143794
151.07479592
17.3754925626
-69.5046794349
59.1808714844
-41.4107037071
194.048078207
145.77346129
-239.923540073
-272.536960134
88.6077992527
85.2601695318
-103.127739078
-193.358393687
21.535914228
-158.091422354
-15.2587331993
24.1406612081
155.714788369
11.4908450048
-133.133481035
94.2950171641
303.744968919
108.318675463
8.23088073403
-262.561587359
-76.663723037
104.37852396
-79.1544442598
210.746446822
34.3561802905
-23.1938794931
146.490655591
202.888615374
-196.236381125
187.208602321
29.7259463478
13.1224003096
-204.474003444
-14.7105400548
251.846632507
-364.012469222
3.98536077004
135.539240525
401.373824943
298.475285249
-1.51955865518
-87.7820845998
-110.519233215
198.734395718
22.8723792993
74.7166706243
273.467365671
147.953334242
-100.764346816
-114.793173288
63.5068934063
-38.9284239587
149.040993489
120.665007325
39.1500362116
-86.0203088066
287.591200911
-248.644901904
299.40090118
4.78623386627
-245.964344555
36.234197212
297.550629309
201.875043721
105.875044756
105.154615462
17.8148772757
23.3475914971
-345.229359717
253.768124046
-124.788884928
-19.6679831841
-62.0139638422
-40.0206257769
-175.25362929
-261.790871228
34.0671785948
42.0018365027
338.713213632
81.0009572909
54.6172839073
111.592202613
5.07992552536
67.7212755087
94.0832348003
8.64653708593
53.0583486403
-59.093945769
-108.199164817
30.7737957324
-23.067618166
-117.240092576
-50.894736581
1.4880770954
63.0260630194
212.399585402
6.18059846427
-56.5039421334
-50.4488280882
52.6782501654
98.3468836448
201.449686457
229.108120989
-127.639596766
93.210720421
-6.37352226121
-273.018234088
138.304380655
-49.1869088563
568.574436853
41.5067678903
105.608736709
-21.7962046733
330.00027844
-49.0630372527
-70.4752035668
-13.1089137488
-116.324358425
80.5829961191
300.096956328
32.1973906346
90.2769515061
-31.6154592289
198.348793855
132.227284723
-93.8829652384
-281.136899096
51.6386019055
33.1959845135
112.304629094
103.075910474
-119.380863512
206.129755504
202.653880232
-17.0820334565
-156.261980118
-40.4912569373
73.0478612074
-273.459526983
-115.782957815
202.312394637
-31.5627584044
-131.244693364
63.6590949087
-265.687092483
-145.149816912
44.4236461286
96.7580677673
182.460649911
-273.733558204
75.3083365571
17.0530415211
18.1706828791
9.94360514218
-253.1195877
-16.9472420946
-124.585437832
-157.234840287
187.334610132
166.013222704
206.902955952
51.7037662224
-154.912194896
168.215573905
4.18818478731
49.3571496814
24.7524461981
163.804520162
-97.2573192644
-110.94916879
239.852852961
-28.6478138839
71.8531421062
218.779799127
44.1502544382
36.6656877904
3.76617002303
215.14633768
-50.945742602
-126.697244282
-301.848771724
25.3548062936
-64.8723275177
47.4638800199
1.33803853276
268.930385436
-139.436370115
-13.7503307103
281.951973112
145.834345936
-401.444727519
-60.9390461129
-197.126893892
-78.0056723841
8.81116837604
-344.382222711
-18.2086628203
-114.754057107
-60.5169135466
52.6218346454
166.544909615
122.52992908
-203.902538643
-98.2247001413
322.936423749
260.89115807
-66.771108
-133.160193094
-90.5962599186
76.9655639019
297.160400671
-32.0178671688
-121.476212976
81.4595192757
-255.520899118
248.266464242
112.693128856
-68.1322722458
-30.976117411
-159.158340174
15.5110077356
174.088053063
-283.308751453
-37.5146841981
-258.34587161
-130.322614035
245.636957312
-361.502501211
262.631176045
-72.2772115882
109.986526053
-12.5592796991
245.028643401
-121.701277448
89.8824508049
-183.261261374
55.7300999575
163.239056049
-140.911704509
-79.1843065308
-65.7502588108
188.526955348
-38.5067936561
85.5618241676
-56.9581354994
-188.054459109
-122.676978815
232.158403998
102.679441909
27.1730527521
-37.1170894701
85.7745768104
-195.622806083
-233.20635621
209.885750885
122.653016758
91.2694039102
80.5420555153
-48.6713849761
-165.802070188
189.125229925
175.530871666
-153.7355151
93.5850913478
-182.583815481
44.9780957943
-5.82735323383
-175.60986547
-37.2813356167
-96.7421477783
175.12413639
-101.403559591
-48.5441171741
-66.6732450191
-231.481043789
175.159851577
11.9034498233
-67.4071082701
32.3485880059
-248.2794943
15.5684219243
157.050185977
101.086535075
-42.6764566677
-10.2948369908
138.914988152
-31.9663394894
72.562077339
65.6224557545
15.2819414623
76.045105583
-285.088858648
-62.5433128606
106.772358084
-71.6442962211
-276.085866608
140.565106765
7.19791008044
55.4978397766
-11.6015305173
-263.756396521
-211.188285399
-48.956667881
-149.737731635
138.831847303
4.3000611435
457.626456371
58.7458278165
-19.5356111355
-78.2873840034
29.9396181312
-58.8003159328
-360.271318261
-52.2463102313
28.3483111307
248.054757024
-115.764875421
-93.8451638685
-28.4183390092
-210.788832586
3.80643479865
-0.543468211608
148.672018735
-589.402950164
-243.832104801
-68.4887400108
13.8859117328
-109.498202055
176.274976482
131.703672536
36.7785745163
115.852722394
34.1415503507
8.95256170229
-169.854316471
-170.581368895
241.440553139
45.455227997
90.7611075505
209.239170336
-218.28669062
29.6706488868
289.565542533
-41.2922691715
18.1030482525
188.261961132
-113.152216892
68.6014561051
111.150988071
-12.7483216644
189.575564038
-115.527112815
-22.6554050721
10.6040661287
327.542109351
164.808796329
349.008456669
-112.970741112
-374.385354235
118.410092912
141.701802818
88.9639782925
313.281160659
52.6123144576
108.615703582
136.84946329
-86.1928584417
167.143076323
-68.2895996885
56.8249068321
148.082413182
5.57317155345
-51.9029447083
-198.31340324
-56.6853157949
151.490917606
192.896919974
123.507257474
-12.7592257567
72.6293179066
83.4195257618
612.803254946
76.3251954002
-181.014079697
-163.64670107
93.7063541167
-161.034044408
143.252466217
-91.9996417417
245.609952442
-139.016516248
-47.0205935296
-132.510919885
328.478007343
230.542190071
45.2905284265
-472.601445433
-117.546111893
213.169183044
57.8208593325
43.2236850773
307.187974312
327.079364084
-259.163316713
215.225315482
-40.0753686186
68.1130794728
-25.6745713167
-412.637191278
74.4391702688
-321.695709885
431.723053979
349.55363272
33.4847288024
145.100803106
39.712730621
-29.18417101
121.001173394
139.813464492
311.165207644
-53.3588974515
-201.136584835
-244.408055047
18.7693540181
-289.764015743
-77.8557026454
141.857442397
197.45108525
179.384979314
30.2611218113
149.034468275
64.6061719468
80.2558894692
-77.0893260861
-58.7955729448
35.6409856188
31.9821148404
-59.9133468373
-50.1114072239
-81.3651726352
-127.124579133
-310.386732167
98.5653049093
-146.795068363
232.560296196
127.186616812
271.774965926
-106.839020582
13.9686078445
-0.764040978993
57.8600019103
33.335126313
264.854220122
-29.8299069972
5.48729714803
-285.368918594
-161.100119685
-124.785542175
45.2708476126
118.965679399
-69.9011700436
15.9782201942
-67.7309303556
-5.34078023176
-65.5818158934
-70.8304815383
142.219399885
-68.4479413732
-428.44600569
73.5653473214
-74.371327261
-83.5937584007
-10.2991013584
-41.183422837
-34.0400844879
173.939486715
124.10841926
18.836468216
189.991506903
-14.1636585992
-25.9432822786
177.80583724
-48.03336887
94.6792455693
-33.703023787
-203.396839318
-207.644356859
-59.1092325783
175.741031948
5.54930954472
167.404767826
109.557620248
-136.458831171
347.190769275
-99.7794591246
116.281206672
3.27946971957
216.929170386
121.686679826
108.28341883
-255.685646218
-105.277895264
23.1156168987
-161.540229533
-24.6528448752
-265.958353802
-146.534875761
271.457889362
-208.333833699
-149.290603608
-135.714718605
-114.077480008
-170.752403934
-102.508535032
-58.5481562444
-39.8818271406
-38.9173917284
-106.29874778
125.862754682
30.8433452117
289.506783137
-242.526142676
11.3359886281
-187.707409133
84.0113223571
38.5887214801
123.954118747
-92.559439448
-61.3347241976
37.8662364261
-50.2412537264
129.713524544
149.110730214
247.202836219
-199.321696188
162.572300613
-166.27132252
-114.982120689
394.699534809
9.15262867967
173.751699979
7.98518379402
-63.0184058385
-108.234893981
-110.758704651
-75.9449225362
-56.1967843017
-138.109565426
355.107026988
-73.5672906331
-14.6223395243
23.6472882358
71.8195177465
32.1923494855
-36.4850579138
146.253019466
28.3809154475
212.092295051
102.226410912
61.125736463
97.2679258294
-33.7220109641
-32.6602304042
-230.689924866
270.12704365
282.676083683
-175.634897654
-74.315343287
40.6956407088
-51.0545101801
267.845833804
11.6575063515
49.0759302358
20.1573645085
-138.801534018
17.2331470482
-129.747218717
64.9218032849
-54.2688601241
233.772863764
12.882193668
13.4242726915
-71.3166172738
257.184439472
240.096163742
99.0214903935
1.01483846052
252.639188756
-106.096795274
307.580489273
132.067838202
203.106908639
-276.540789428
77.2262153667
-167.774910641
-271.257455174
-98.9177232122
32.7048100139
-32.7882809778
28.2653150394
277.703233007
-545.614218091
-297.137171237
-277.824476628
-310.646010027
26.2493486502
-615.027046457
48.4084051873
-35.8514001381
-243.222859055
-289.737078267
-76.7020286327
-139.231621184
370.24797189
147.850945946
-211.428749532
-49.9385179676
-97.9531744206
103.567308301
-160.074144664
166.742234119
-10.8610517456
-69.413925505
-7.62613494105
-323.284901111
125.082090089
128.694880859
255.26226787
-217.531445591
-169.804847341
-115.383891404
-84.7002421668
277.192179222
-371.879841067
-120.01620821
-210.696997624
-24.2598128898
110.256641655
-71.3369280594
-49.9167807143
-74.9991000516
34.5611203012
-54.8120179426
-31.0447244783
76.30395446
156.307356158
-223.28914483
202.965779675
-25.2208711981
102.745408806
-115.570531579
-69.1177582039
245.573226397
96.706865486
91.197642094
-331.827605528
-35.1024154816
159.48875152
-110.034183103
70.7171670306
-288.301330115
110.964976579
0.298343397497
134.678772009
-358.686389698
166.915181284
74.2865820439
323.531587838
155.519252852
-196.057202144
83.5099476412
-110.254120775
-84.2258996547
59.780111594
-125.544126046
20.1845493862
2.19906848982
-122.420189244
154.20270165
104.283438228
-195.626846283
-126.011418925
-74.1337539444
-42.8896189946
-75.2051313697
-286.951960588
53.8634153973
-60.4254033094
129.519468197
176.204046237
-11.186839569
-65.5217477029
-278.625640839
-21.6094057614
-11.0365793534
8.97026035772
-100.154253869
18.9569636674
5.18016554028
80.3998967308
-425.611856379
-64.0902182552
152.322089246
-146.00273339
92.8144089221
-157.198707985
-233.542865922
-220.136860878
-29.6816165233
-180.113963657
133.86861725
-45.3202657202
88.0180514364
210.977215312
136.413291429
8.31175494377
-210.822499029
27.5186120986
83.1409366936
239.561700075
100.955228121
-17.6679168193
53.5106319737
151.160635735
-12.4401457055
-406.287672852
61.721779581
-12.1710499662
131.596023287
128.87294119
57.8956012811
325.755019334
-154.207424514
-160.747055876
55.6918350566
-275.724897137
116.534264209
-28.9204264235
37.8864572181
51.402180412
109.726787364
217.770786989
-132.097319165
275.543950571
-29.2896252278
-84.8340826107
-67.7484711258
75.5011577496
-61.9838338365
-583.492010881
175.606206035
28.57758496
8.08367518735
-270.083946713
-202.956448265
-10.6592606353
68.8124143124
144.465410471
40.9159809496
-150.590891376
-137.493421636
-52.0482911019
237.089656438
25.5961358672
-230.548863975
-56.3210024178
-63.5228498595
166.530661232
-92.6884133194
199.017515455
72.7350808579
162.898456647
-237.8034759
60.705869496
33.8010102684
295.939605322
101.579664521
-64.4615179367
-65.5442097485
-23.0638332033
152.405242184
34.2240594163
38.4243723113
-141.206353386
-54.1049055743
170.616151827
-157.376698439
141.731906488
-26.057850362
-34.8342635701
-159.421520649
-45.9159051366
38.225025314
-52.6513694928
-319.731636717
113.277084094
47.9781537504
90.3309001294
0.678593143965
-38.6098293057
-102.84391039
-84.5159932901
-329.372689305
-14.5865944568
-285.182610882
-312.196304373
-139.899249041
-137.680153243
-37.0025996442
147.537691579
81.8577659111
-222.172480018
-7.33827829607
-496.720346541
122.179773563
200.630466591
16.7151554306
-20.4427325647
-359.05374279
262.091571158
16.2885459813
381.837766347
79.4303617813
-139.761317193
94.7427873659
-28.9851512869
-154.333362312
-108.454705413
39.5951076528
-15.8007119557
-191.57757256
39.5062487313
-192.441146135
11.5912847897
74.873897176
-386.664932069
43.0164993991
-5.38415589293
-26.7792952336
10.5569529963
154.060677183
135.691069304
141.360538584
-134.829295266
360.016054225
83.5852406371
47.670332905
-0.199634545944
-160.749799123
-100.749069976
41.3346322947
22.0482531908
274.507297316
-267.841655908
-108.082697536
33.8231502878
-41.1555508825
-35.5704946087
-36.2521865507
54.1310696667
89.7864482407
-13.0533885656
-62.3519862408
6.634925117
242.702076046
6.05597782971
-7.92620200563
-433.653099623
46.6262124222
225.671145364
14.5991059172
-155.907998012
79.0452123403
-6.35689857803
-49.5543230923
24.642309762
88.3673432491
15.2116745307
207.564378672
7.65188256698
-33.6628472915
186.05815982
108.128265764
-103.815077177
-235.310449526
139.541945178
-15.7692798124
13.7860174049
282.505477453
-62.8717530379
44.869122132
-7.9145551143
155.129630882
335.891915575
-372.84683024
115.188841209
182.044109467
-131.673663944
18.4893491908
246.01096516
-2.05816205785
-27.8565293243
-175.712618695
149.442524969
-63.0995776872
-38.6898350422
-139.396467079
61.0285411872
-22.2241334882
-3.86565413213
253.315497155
136.16087577
23.0264821343
411.290758321
-109.93549584
142.546639046
-1.13471102784
-184.81218012
-137.477098891
50.5464046744
-135.269893786
246.621223565
139.323615639
-9.66049444637
-2.49830125291
150.873225085
35.7603733513
-189.378837772
-191.607698152
2.23159181412
132.148210948
-4.23809930674
114.288193915
-284.474215476
-173.148762125
-84.203243588
-60.8553418245
-10.2828377631
-181.398782342
-45.0984461084
154.260588161
-115.846285495
135.077550106
-460.12797532
-86.1139518432
143.226064694
-38.5110029822
-11.3722790345
-189.641104229
-401.222924622
-11.5338349092
114.12625845
60.8799646954
-74.8049217347
74.4810095636
33.173147689
-189.582973352
98.9485959151
-117.333647814
10.5316098955
-265.183781981
-46.2116049947
145.044024999
474.95066322
-85.8420650484
-223.348473223
-180.639611645
-34.3313094796
-162.334086228
-89.5191416786
270.213881687
-41.9915772034
-284.64238631
-48.189476077
-229.19912532
124.943679444
18.4935251824
-100.782091204
-38.5573607781
129.565350748
-196.245623625
-50.6400616898
-113.767277451
116.941516119
-13.4785366656
-164.868973788
108.914072864
78.9327306885
93.859356138
114.011694565
106.424572832
11.6720372436
132.913033174
-31.5229055242
200.284966094
-112.770755315
0.552262271535
-282.481538906
-40.2594850467
-13.4699302929
12.8935907889
24.9958039518
-176.469644381
81.280504822
-57.6757420103
317.992967266
-213.306532459
-76.8124589831
133.611973035
-150.007391402
166.842413534
56.1472209751
12.3069624271
32.6446724463
-22.1413493341
-193.84872695
303.86212409
