%%
259.409995134
257.544939739
-26.8501774561
-30.6614720164
99.3433486621
155.167422951
-196.198299327
33.367702592
-51.7773398604
197.950811208
154.026247852
209.802602295
39.6675668992
137.054168135
-79.5010918409
-259.030757165
11.8388662646
53.266645626
84.9591306486
98.506167797
-59.0175809171
-65.2110333994
-62.0157792092
13.6183323484
242.215916812
41.8864307525
-81.5192338688
137.224222384
-81.7337633532
-128.885428181
-16.3288578726
124.086070517
121.442820026
14.5883048647
102.862071407
121.699595359
14.4710684493
-114.016200805
-80.4492614526
27.3373981097
112.61726053
87.3613946948
-118.68759132
-95.1013527485
36.04676385
173.062063615
159.457271219
-24.8170516596
34.4566998662
-198.206680841
-139.972291299
-114.847260558
167.670051274
-13.3073630124
-159.417347108
89.7509434913
-25.3399229692
-1.25714003559
48.7175470385
62.9160169099
79.8581341827
-24.4334175168
-104.6885561
188.017947725
-0.555215319753
-8.8723073054
241.067514916
230.177910626
109.311109908
-192.202693681
60.0405005348
109.285844434
-73.0542661664
-128.861738646
-147.383039982
-13.9386878636
74.2762304768
-28.3932053365
-11.6715890877
-5.72238235634
-147.01338839
97.5006413181
23.1657869584
80.0248122412
132.871700918
1.04830440566
247.698700441
7.03172099683
-24.8870734
-11.9095001196
50.8392881265
168.007367151
-34.5194086165
-71.3273351344
-48.2585063866
-59.5250457623
105.274717989
-80.4616780478
238.136918265
76.0467203086
-6.00564327452
209.8459346
-46.2143277198
86.5126726575
-24.6816197989
-12.3657248391
-4.7813310601
15.2942002497
71.6826898558
38.4014784501
-146.801082845
-309.230939169
-86.738607337
272.198404765
157.420956945
-6.68592496483
-182.708897115
-12.0205300275
359.886962189
23.3405590245
40.8415143876
-199.814767566
68.4258624213
150.179435359
33.257171235
-31.4191740991
-246.048620763
-105.800300142
