%%
-38.6110428986
-39.8382179477
47.5108998039
108.752921961
196.445711564
6.20221344493
-56.5105257204
-6.52638953866
-137.687400932
92.1279637858
-60.6302544739
43.8355234
33.0913469884
-45.9243031761
-244.719988409
-257.337664178
16.3078776132
-11.6456856088
10.1170901555
12.7286951611
-150.31829575
90.9066631974
17.8499536677
-55.9295832967
-32.6675628839
187.32802051
-319.590146799
12.6555606308
33.7252000984
-28.891008175
-98.8438986101
-83.4465682621
298.95472644
122.818133116
-12.5163358593
88.4451405755
259.541739633
80.3029685186
-300.668752033
47.4935940104
-22.7760643774
22.7940546793
-25.8157918789
-124.984910517
361.977739269
270.202257759
36.2230492744
14.6672132075
-82.7688038839
119.99926695
16.6417535537
-71.4416677717
-74.6157704409
77.3611471344
242.043621565
-98.4377512565
1.34999520808
-10.5505318241
5.22757083245
75.1539543905
66.0284120239
-123.505039869
-111.3027376
-11.3468189166
88.1842425543
-45.1847177305
73.6603265188
143.492797233
-82.1583590066
-195.526389744
187.737430594
34.7465484158
66.4536125941
-5.89779605288
67.3501187756
-25.1685603858
-157.457909133
49.2094079682
-2.76694612394
62.2691495677
-156.617202396
-106.261666201
9.7543012383
-128.365419681
-157.056780671
-64.7187240135
-6.75060567966
115.695912661
58.4365617696
103.709818619
421.123423303
-61.9732092379
221.318535498
100.683596875
-38.3501139022
62.2524118647
-47.9573226851
129.778556216
84.3535677911
-30.8887641256
15.4332154812
5.88538003126
-163.58091121
69.6610283688
99.5386301428
-41.6281187491
70.2737519713
-104.008105769
-258.540901723
-132.587496883
34.4281665387
-58.7463321415
-1.25663287478
-26.4094411714
-207.641280967
-146.737261933
-175.889091482
-129.590102246
58.3037485379
-16.3537969682
-95.7504910259
0.413040855466
19.4429946622
-243.279455273
92.001795014
5.08368823354
217.728885915
35.0809815565
