%%
-199.669347544
8.05946205966
-14.8466840021
-145.182579179
56.3906670715
-28.7633093494
-28.3586872125
184.065610557
-142.705968767
316.302013191
-108.689906388
-405.376706868
-139.695021804
53.5704150788
-227.502657768
31.5046057655
-153.694817769
-46.8679376739
-156.130700194
34.5189493516
-219.577650972
64.5338806964
146.754568
-179.358870876
80.4556901696
-80.7223927941
115.48445872
107.03884127
95.2395690715
157.840856858
-22.086810019
-14.3991207916
349.192630495
-151.884941552
63.6848215317
125.520485799
394.880410111
235.401342008
-67.6256443419
-100.170373226
-89.8287209023
69.2842846167
277.731400939
43.808669929
-32.3328163631
169.40763576
8.39870712331
50.1793224427
0.301393911215
72.3638391752
-201.614410268
8.54212130175
214.103370173
123.281768768
135.446418
-24.2654248595
457.383240257
-17.031602054
-272.383632059
-36.3868985557
191.411909249
38.5778810614
81.7965924891
-59.0777859203
-16.2572571978
179.954240373
399.016373663
3.27887983857
-455.740828851
123.518329956
332.359406808
-6.70231440029
-191.439307277
338.014560893
140.334975097
56.3461451615
-116.292935831
73.6279294447
66.0788839702
-3.36177526488
-93.0006923888
-236.148047926
34.2300642041
-66.5037140521
-215.944085308
-16.3443212103
9.01686088253
-294.856385875
12.1664345492
-228.965458223
68.2487360916
-36.0281052446
127.915795301
61.8896267824
-12.670889125
145.734273719
-18.4355700529
17.3285718912
456.708010667
39.2144966248
-28.5454334912
-27.588749699
5.67052494846
-209.783168876
23.4719481132
-218.71107193
-96.6655071612
-171.028766876
-3.0573981679
49.5084617362
-109.827901913
123.643327511
167.433437894
-45.1649053665
56.6598620603
137.173397966
28.2705825446
-256.507796494
-72.4048206825
-134.70599333
-85.127991695
-79.3858097987
-203.250157525
-70.7475226976
166.787179935
-66.4180930446
121.85703767
30.6875517613
-64.0691872562
-74.6726388009
89.9007923232
70.0764098871
195.932275266
11.1442768748
123.816284609
71.9587191693
-66.4445317657
-104.783382906
-62.7975461428
206.392220958
12.6949414227
-134.797142144
32.0151325096
168.471499227
-39.8601288657
187.60834107
152.079709111
93.5854278742
73.2771391096
248.51540692
-115.869355807
292.937520456
78.321993857
103.365934928
61.6059247853
-7.33198221325
-90.0783109023
-64.8275201946
454.125062135
34.4047044941
118.236284318
66.8987445702
-39.0227798944
-43.9515794155
-73.4394864847
134.260193191
-208.47862367
-135.858957177
-366.241882155
299.967547513
-89.8857704686
79.4834632484
-243.155860502
-171.961619944
21.0098417279
-145.925919967
-72.3238100461
31.0923126639
-274.406800631
25.8095005326
-242.786629432
37.7852827957
53.8460507711
-67.0349006677
444.564844018
-172.71667077
88.5148682143
-99.6227690762
-219.807204864
23.5422903376
36.0433068604
-137.772275031
-380.478516144
401.192315028
170.50458078
-198.347333888
16.2267943837
9.01397596837
-250.790024471
-33.894002547
137.172093897
39.1731616265
65.2404890898
67.4039828158
-107.583279578
18.0311989194
-52.8959577942
161.794402406
-126.518314807
130.619872462
-36.6252577765
266.895752853
-0.482660790729
5.7012597091
-11.4049975024
-74.0827806323
57.5940878695
-311.837016355
239.526603052
109.182232155
-35.0898500393
4.96817750126
-152.63302653
-40.7154904522
283.761401791
-35.8046801459
83.9384863786
-151.353778133
-33.688463203
-31.3293423327
-65.6589011427
-190.841950953
27.1168303534
-104.172699129
-235.295874888
-70.5624648683
-42.7230553845
-140.445152998
-84.8250240165
-22.18263182
-217.337683444
94.8884847672
-146.734364559
12.4389706645
24.3840000087
-7.10707853381
-122.637317836
117.216569693
19.9364516036
14.750857731
67.0896159571
40.7603686807
19.9201988351
-50.5765229154
-395.685983032
-24.7691288827
100.437405958
415.47626861
-75.0771923279
44.5766523527
12.0148972222
422.630244702
133.207571431
-202.671849194
-409.799233661
-23.9085501399
0.659354534116
-0.834498182698
-203.970156534
79.874016014
-61.6394208602
48.5419660007
-219.089550709
201.185390497
170.980850937
3.78446078185
245.148796921
-117.307387465
19.0510888774
58.9919913075
109.473164462
-5.80350920903
-159.190914281
260.804649618
91.7581844094
-31.5839505619
249.402819385
256.661577872
261.340648868
-24.4885224482
54.4172739837
15.024884217
-123.93988503
3.56902315481
-125.228110391
-256.836810765
219.435152423
-41.1581964862
-473.463115571
-80.7922474864
79.6656644071
-11.8026964157
45.8039568034
-103.163347879
77.3418881054
-17.0719388987
165.143388781
20.3906178175
159.653438029
-111.252132994
117.782791384
-160.079694845
-19.1595667461
111.379530121
98.0416229444
-236.112101592
37.2361724176
-145.560723405
-112.176293296
-252.764067036
-194.378600979
54.431820427
-91.0235171068
59.6760732618
-57.1086911688
-52.6786578171
-209.668565505
136.896148858
-28.8574634167
-77.9208462111
-290.032396355
-56.1764553192
-65.0857778384
-237.962951787
-1.48615753624
45.1945102076
-341.044560996
-224.88744267
21.4025827583
-44.5322499577
-38.0317731166
-192.625361769
168.080179486
-30.4313957922
-26.3830641686
-173.291395548
-53.9471935687
74.6186887499
-51.3593296287
-103.950310268
22.8193908061
173.888206426
11.5231221292
132.471456417
87.2969455474
-27.6982681216
-214.52972596
313.357892436
90.0482023069
-37.3980777362
-200.034287654
-164.789557207
311.702553169
132.70376084
19.4340814115
-65.3021032569
-228.517194665
395.58714783
-94.8830581116
65.6433065765
-261.453671712
28.7449191677
-49.6398012673
54.7107678243
29.125695946
253.227444388
-641.244873119
-85.5942886254
127.247393791
120.184431875
-21.5182152512
254.181407839
432.946189466
157.908975815
330.040669374
95.4590706401
101.115903773
6.0560161601
-34.2819953607
128.205959825
77.9215604242
96.7340314747
13.0033252856
91.4252515225
101.028107409
-214.474720604
337.139541407
64.1413272614
16.6123159671
-85.5557007332
85.0602327761
71.7742161347
319.913104495
8.74272540211
24.5299748932
-51.5149896687
277.198760929
228.622120544
274.715794384
140.556853787
254.516012556
44.7342425756
36.0941962044
511.819109966
-172.087546824
-175.508017693
-15.5317734901
-178.666466871
20.6777239245
65.4714150007
-67.7426083439
127.113129502
-99.6625284747
-69.9270793942
105.786886987
198.681507073
29.4578128788
-80.8608205977
-42.6666282229
-17.1380569513
-24.8663849841
-88.6679585046
97.3411272247
33.0068265444
98.4364592899
61.7127595064
88.6064106585
-145.952296148
-27.3753032893
138.398453381
193.120210994
66.9912467052
-129.465888706
36.8245975146
31.8097529328
303.146146712
5.89675356659
148.238481699
5.36338627966
-67.8549080291
-35.9421086451
-132.050338792
-43.8206423842
240.127012769
30.8595472925
42.6590934025
32.3923041979
258.211219053
7.2369924818
8.58525993235
-22.4465482983
-62.3375135613
-180.254910407
266.912044169
185.042741792
137.93141551
163.262566839
-231.27631198
244.837228291
-214.28997892
118.756109659
51.1251427
-14.7454412472
218.563890239
41.4702225135
7.05254761284
-64.2394540932
-61.0074667247
51.4033089097
-107.310283607
240.629039589
35.5917259365
-3.80461045114
-80.4491669536
-151.352880211
-92.0469907899
-57.7136893214
201.038398169
-235.130956705
89.129827619
-16.4626470984
-172.685188361
47.5869035114
-117.653680507
-58.7388369738
-63.5290253912
41.0707502223
299.955058679
249.974482758
26.8460529374
-46.1875925892
-214.616404008
-207.299777969
31.1984386504
141.357584741
21.6236623524
1.91634901511
160.201442413
92.1222443927
258.73144289
-95.3464043501
-73.1503967403
-64.2755215218
171.029506089
20.2567908433
-325.795014534
75.2435089169
178.582842098
20.9344381648
-86.9120320266
123.761617192
-22.2290030481
-57.3435934749
-146.317628362
280.847850235
193.131884793
-24.7896453307
151.283454604
-182.696195723
90.7967089584
-408.043060911
121.777492784
22.71247232
50.9542493589
-169.120431367
-136.825071611
-123.649639598
76.7980400992
-357.721166189
9.73867865058
-190.838213483
171.33326684
-179.341910206
105.834145899
352.72620353
-103.414058866
104.590423584
562.383042546
138.861766186
68.9665127186
14.2386115361
-66.2273622485
-72.9678699932
63.6426962481
66.0150879743
-108.56952256
39.8077244027
160.984083937
188.588055066
236.798972974
-46.3273831436
-140.819037229
12.0482132979
16.7825435219
356.612153731
151.351762318
-56.1960652256
55.8281515337
-133.22372832
19.9816538348
131.586619381
53.4081774213
297.837069132
156.498822451
26.9839805169
-8.4358810892
153.986700857
161.813847439
-155.216724854
-5.00858359679
-276.090029972
187.533610183
108.421950563
-30.8171745037
-54.2103112489
-132.044099135
51.5995440479
220.204415722
-139.715249995
-128.591393103
-12.691969488
303.213035948
-167.317632787
23.1212189186
132.393670662
124.361329042
-88.7071693493
-66.2642744957
-89.1155263181
-101.242538989
-94.3430062456
164.861927757
18.3614940976
-98.6124070257
12.8567345884
-19.7905001294
52.1289444878
-0.286911473393
-43.6535481692
125.068139148
49.1939437599
528.31214729
-113.225744002
-105.731053945
199.963347693
164.913475811
66.9647414901
-73.5724044853
-241.615127026
175.741485053
-73.5308090639
-18.0353715871
357.107054502
57.8565844222
206.606997133
60.7498876713
419.472256477
10.7229131137
63.6298554259
89.5948748107
63.2639821006
107.280598738
241.40274975
-42.9494593665
122.497717735
-19.5794360944
323.246381297
116.074332894
15.3009501628
-199.758220667
-128.925685188
1.75953681887
-54.683043779
-67.3733052516
-271.897102742
162.117924103
-108.578467523
159.20290602
-24.3284034852
-98.8305951575
282.614044133
167.744016849
-220.263483911
220.135073964
59.151931018
-121.428334182
315.255692173
67.8757762783
27.8528829884
56.4050522515
-95.6597733148
-308.18773505
-30.258447404
-20.2850597853
-119.930267311
-151.250109947
-1.59088952292
-34.3658138108
55.2721178414
-248.800008052
123.42644163
62.7564577208
71.0845269531
-97.9903554671
219.017166857
33.479675435
8.91228392709
123.736793563
-27.6336663925
235.446411934
-130.663707588
20.7015244827
35.3283097197
-260.344449977
85.2448202337
28.0595093413
-1.91424743038
92.9218186176
112.37886227
32.3762306591
-154.535212684
57.0057299552
-70.4907677451
109.311927861
-96.1431643098
79.7555064152
-99.7564988478
27.8067174698
-31.2632901308
-119.125594722
-58.7530322092
112.592958317
63.2862610434
-288.142981329
200.952228538
374.133928778
-24.4812369943
-74.5832146703
-19.8331276953
140.725876407
187.10410926
324.382338386
228.247029191
50.3083013383
24.9382532427
-135.621892881
6.01480828365
366.275348402
-2.06141705
-149.949724658
139.290285782
348.152225735
-130.398366416
128.626529032
-99.5143779335
-135.209098589
-69.6301650878
178.653034598
109.859201245
-283.265216484
41.9422513001
-271.656987522
7.13851468342
-46.2372906635
2.27613141006
58.2406984907
-204.209548712
-122.054817077
30.6260267413
-385.75253908
126.794903259
-104.747683908
-339.788977835
-68.2015244152
-116.172908353
15.1135723098
-40.2603938737
-32.7270036323
113.566669435
-367.556631909
168.972664565
44.4316759243
122.534775206
33.8052405788
78.0364893937
-243.197613781
-45.8661891326
22.7103549973
-130.643244634
0.504862460605
-51.6745125246
-146.05819951
73.1032128883
78.076673037
126.83225377
-83.9753537747
-150.562332495
-104.69540105
-28.4969541851
52.4244997749
-364.372436526
-65.5705991346
-208.042368305
-115.919409001
2.86496343938
-59.5778708977
373.685880848
-325.515050938
41.8699854781
-125.652777806
29.9052472012
167.431907727
-219.864079207
-106.077464406
74.6974703905
180.588233816
-212.407431545
125.489307364
-15.4381227632
-159.937284459
-111.551674839
-56.0948087466
14.4101585712
202.876976214
448.252668052
-96.5149880512
-104.848701834
84.4562182854
34.5545846481
96.5544243317
209.851793319
11.7437743475
172.73328975
40.4537304192
143.903446808
93.6794917311
314.308389672
-362.856372746
15.7944788255
-81.4550530365
152.389849175
-28.2166556184
81.7825439026
4.83441535336
-73.7625593151
-7.11065587634
7.06544404536
57.3993383287
62.3578786185
203.801239322
47.7743380516
17.9782747394
159.34472598
-63.8764511506
140.068366629
-101.787432981
95.6373777209
31.4953700104
89.5843167507
51.9853889774
-58.9914051441
15.0553544566
-46.9563440705
236.480795713
-2.61599987978
25.6257271208
-35.0783681547
26.9751923643
163.667224353
-56.1663090245
-75.5741432505
26.4180775488
-75.2146159594
-80.1112582444
-269.241389536
162.04433551
-78.2149376366
-83.3693663194
-33.588858292
188.147654598
-41.2978555148
-58.9525222017
-105.581013039
-18.7824779736
-46.4690090059
-58.0391185978
84.0575600093
-394.116955358
59.1940834501
-30.889909216
-193.879127492
6.73471610469
340.784068526
23.1880884469
-52.9751292564
-123.748636773
-175.353908516
-153.52955747
102.119894109
-33.0684927241
-1.405995312
-35.5329546901
171.558690301
-44.3862580063
-278.941543512
18.3551736267
34.2697943821
-249.397522912
248.588871071
-144.987724143
-211.575359539
130.803576241
-166.164793786
38.8526760293
-36.6662139871
439.205474879
-216.717240334
-20.7611073122
-70.1516821561
-211.278372359
-95.2908438696
-100.109661075
-42.7950376652
-42.7439718687
-47.8191788268
145.575914074
-263.486125629
-122.357886667
31.4880072344
40.2924730033
349.256286854
119.581260466
156.673496214
-11.2054999569
134.262478438
102.040472221
-120.297063689
-69.3320748462
-118.117370606
-165.159773614
73.7586845225
-120.676851323
-0.30974326051
-75.6696053713
-35.0178537332
77.3812045783
302.764759647
-245.6372202
-58.9168014904
87.7390476097
-378.922819233
-193.347706977
-101.708859803
-92.3823384413
47.9362634218
-141.294809108
-70.9119282682
31.7413395575
126.997135217
115.287753845
-71.4653153042
91.0578075304
-15.3869006594
107.642984149
173.799108297
-20.0062902265
167.623127681
107.964418746
-92.1532412693
-181.307412884
2.70627650497
-67.2400196131
-175.084279439
-99.5832716301
325.882248617
20.6285035963
-163.382187062
95.9008319191
280.273563524
-161.04578008
48.1594007574
240.440117893
39.4701872419
-176.697047999
-172.985505468
55.189395467
113.506359536
143.202149685
-184.183381566
130.62506923
219.465052222
96.4350035649
363.326859083
132.604841531
91.418314619
9.00543768264
284.337666933
-25.8587790351
-56.4829930178
-15.9129946052
-157.901973539
148.176430786
79.3239062469
-15.1425447381
-192.743992852
442.471498289
57.500070199
98.7574152569
49.6796742633
-115.365475923
214.449469139
-4.47937114289
-139.556851393
171.25530374
21.7954775285
-18.694608111
161.632425736
96.9733627827
-89.7063620729
39.948636323
47.3039642965
-40.447216947
96.3241424692
76.2529073358
75.7798884409
101.686939872
-136.514631718
130.449498034
-78.0477812392
-107.810047274
100.714254151
88.6119987721
52.9219215589
-128.341469816
10.5566447046
254.355932867
-29.9710944953
-94.9389324357
-24.2708415715
105.800493751
-66.6608786189
-149.112318936
20.2394951906
-117.566697944
-103.267709389
-325.18086825
36.8676880319
8.26679204756
-0.57272593389
-384.039377037
245.212842011
-126.963490269
-73.2559749823
65.0940441377
