128 128 4 287
%%
-5.79768253332
-3.62444970084
-4.25760467418
-14.5777210099
3.60481637456
-12.4267774117
-4.23010920641
-13.2733641105
8.49307068482
2.67370448316
14.1220568274
-4.11622444566
14.2387641179
2.18956770429
9.42826654182
2.71829093803
-1.5764532218
-9.64380148048
-5.2976295337
-12.0418740602
-13.8320049119
-5.0758545602
-3.91038203982
-6.34547027748
-7.24744428332
-11.7861830548
8.51427200125
12.5622952905
2.78087208428
13.3639934025
-9.98220731706
3.92553346222
5.61616078304
14.2120694121
9.14891207379
13.4648434945
-3.69002524974
-9.20058331557
-12.7236878281
-1.02126593554
-8.52146675624
-11.8948963531
-11.999666373
-10.052079655
7.85771869334
9.3143656282
-12.9127459169
13.8184032954
11.9285134165
-2.71150761123
8.14996984462
-11.7466118875
6.8622623016
-2.08634035699
1.86063848925
1.25444750048
-1.51215143763
6.55140577379
-3.68469468721
8.80743421937
-14.0945820868
-6.68211032148
2.92014703654
14.7599480016
6.61336732414
11.9626048194
-12.4082817376
-3.67964995423
3.15220655766
9.14231128294
-6.78932637877
12.9052630085
-2.41321633304
9.49481777874
-12.3273599035
-8.48223971727
-7.08335548907
10.5681187986
14.6932002427
-6.67396778628
8.09029797661
-7.22180781153
7.87275485306
-6.73060248783
-4.13263218881
-10.6024933706
10.1230316118
7.14799683744
12.4550981141
4.64255190008
-9.90952379085
14.2857536942
3.32993716366
-10.8254490199
-6.14878656645
8.84733612181
-13.5754763734
-5.19422649682
-10.1990034751
-8.57211667163
1.00039167411
10.7711894673
-1.91875875069
-4.14282973148
11.5942983314
14.4430091133
14.4594664367
-5.68907734058
-3.1480536572
-5.52412649837
-2.319061147
7.07824843244
-7.62200609852
-5.54164095929
5.12251614695
-1.63624298159
-3.97975297817
-0.0528004093053
9.4139784444
4.82863264677
-2.09282041018
10.2059601999
-13.9761457396
-3.28390821436
14.2418863497
7.21727341526
14.518632903
7.53605550261
9.34785303052
-0.803022827248
-10.6327517378
4.24364219576
-5.71392056703
0.947496513772
14.3384410394
-6.94292335874
13.1279796639
1.2566397999
-4.85462219354
8.71087580967
8.42035486114
-10.8100359886
14.0891203099
9.8783728662
13.7156157053
-6.83794441567
4.79810440506
5.3173361132
4.70935102259
-11.0493977719
7.09315441459
11.927443551
-3.4151452573
-13.6326997945
7.74995496243
-10.6337835349
-14.5808448597
4.37792224819
13.2150034262
-1.30514718752
-6.41614019783
6.54304540424
-13.9657149839
9.12576552657
8.86860969252
9.60637999697
5.07494128696
7.56569121186
5.30982133823
4.41473065167
4.70472013954
-12.0311218896
-2.09209903529
-13.0742002565
6.33419444734
-10.5696238496
3.92765586491
-2.24568610054
1.50587546674
-7.58321300105
8.27748815648
-3.81810114452
-14.0576421263
9.50681605636
7.15261843938
-1.07367268818
-2.15953299912
-0.599486278811
8.77702186355
-14.4976152835
1.96240780057
4.46774705001
-12.9647710866
5.79013134836
13.4085241091
-11.1714321681
-6.76348652184
6.75135150679
6.8087561027
9.48673971241
11.7503031349
-0.609414126524
6.48121027485
-13.3639728023
-14.4279566535
3.32540256399
12.0867982473
-4.04480172135
3.81001186154
5.78694245086
-9.83459160149
1.13121069591
14.4950563047
-2.75227941434
-3.89536152557
-8.36036803095
-2.21447918193
11.9474320817
-13.1493052555
-11.5190868375
-9.92770446066
12.1809428193
-4.09864418223
-6.15873085607
-3.09749434116
2.96231092802
2.97677865972
14.7278184827
6.91058404159
1.23128914748
-0.676386725894
1.29551564579
-10.7765611282
6.43903684428
11.3416043219
14.6976208283
2.61724476998
-7.32274029745
-2.36347188279
-8.97966605817
6.29470516865
13.1107039125
-11.3784648562
9.47757420505
-8.46899220952
-14.7857640004
13.9156200387
-2.65104840864
-9.05828790846
-12.864035207
-9.56456816835
0.463258939534
7.97059984802
11.5990391819
-8.27723415121
-14.8813327937
-11.7475139907
-12.4050898042
10.5559503526
6.51333260772
8.99946325553
11.1409489912
0.17064992103
3.74725084204
-7.7441502408
7.62076935091
-12.3709874144
8.83282861554
7.45478339025
-6.1996293546
7.62544428351
-12.7730338566
-5.18166183008
3.93542257816
-3.72943847828
-8.27696594555
-2.27583474796
-11.6930024605
-12.2999503951
-7.00194662603
9.2053156254
-9.72358825801
6.88606144132
-13.1800644757
-10.3570727572
-10.8164822056
1.24733250366
%%
0
1
4
4
7
1
0
6
8
10
3
9
4
9
10
7
11
2
12
1
3
9
10
14
5
10
16
5
8
10
11
5
5
7
8
17
6
8
11
18
11
21
12
15
23
15
19
21
24
17
20
21
21
23
16
19
27
30
26
20
29
19
24
29
31
23
28
35
35
27
28
32
23
35
28
32
35
39
28
32
34
27
34
29
34
40
43
34
31
34
39
41
31
33
43
46
47
36
35
45
38
44
45
47
43
45
43
48
53
42
44
50
46
47
50
56
54
55
56
47
58
59
46
50
57
58
49
52
56
49
51
54
62
55
61
62
58
59
64
59
55
64
63
57
71
65
58
61
69
72
59
74
60
69
72
61
62
63
71
62
63
69
75
67
69
66
69
78
71
74
69
71
71
76
70
79
81
83
75
78
74
74
80
87
79
82
76
84
87
82
86
87
88
87
88
83
92
84
85
86
89
83
88
95
83
84
86
97
85
96
87
90
94
95
96
97
99
98
89
93
91
94
98
102
96
99
102
103
96
106
97
97
106
108
103
99
100
105
103
104
107
111
112
104
105
113
102
107
116
108
103
104
115
119
120
110
113
112
121
116
117
124
110
115
123
117
118
120
123
124
126
115
118
124
125
117
118
119
125
124
118
119
120
121
120
121
126
%%
0
3
5
6
10
12
15
17
19
21
24
27
31
32
36
40
42
44
45
49
51
52
54
56
58
59
61
65
67
68
69
72
74
78
81
82
83
87
88
92
94
97
98
100
104
106
108
109
111
112
116
118
119
121
122
126
129
133
134
136
139
140
142
143
144
145
146
150
152
155
159
163
165
167
168
170
172
174
178
180
181
183
184
186
189
193
194
195
197
201
204
208
210
213
217
218
219
220
224
228
229
230
231
234
235
237
238
242
243
246
249
250
251
252
255
256
257
259
262
264
265
266
268
271
275
279
280
284
287
%%
9.51899839234
-3.82326795031
6.49227797027
13.2827246128
-0.638820568078
8.4297707068
-3.27288261999
-13.634748863
11.7626902915
-2.15399327132
2.12282319775
12.3361170347
-10.5865934954
12.8271350826
-14.103865121
11.015403395
2.99309463485
-0.527675854777
-8.21285229847
9.78987688484
1.38625029049
12.7967363857
7.90035692047
-1.48206955012
-11.9797556568
-4.55684230245
8.86574483289
1.73313056591
-2.44876555967
-12.4245409467
-8.13700589775
-5.4140170005
-10.1752429425
-6.05258315886
11.2343318478
-9.16532836491
-4.38834438454
5.12259821401
-6.24421099959
11.1219210821
-7.71417322741
-12.2625428068
3.00602183552
13.8846730632
-13.4851373472
13.9164003819
-12.6343219972
-12.8450682258
-12.2053699503
-3.52650369853
-11.6934019304
-8.06282304546
3.14516135107
-11.5064904283
-4.03387151701
-11.1351669064
-7.58889221955
-1.1486526243
6.01659587916
7.57999694481
-11.8069400679
6.30455542081
12.2671562032
-7.89990681829
2.75142313215
6.60793872893
1.05781910687
-6.9720215717
-9.17980612748
11.0921086772
5.26384114088
6.4294774984
3.70771358552
-3.17080164051
7.52271080194
-5.76302714935
11.0145785315
-3.23012284627
-0.779544907098
2.76677184324
9.09787932602
2.95036570774
9.34676105267
-14.9277012131
10.8002857765
-9.47683967185
11.1391987129
-11.1774189772
-0.503456280852
-4.73427383842
-5.63323194345
5.06382723955
7.55052718764
4.16329205271
8.12453256137
-7.32384554285
-4.469776207
-8.70120569483
-3.20990432419
4.34880973877
13.6102950539
-3.45215427172
-11.0298721977
6.14207887983
-2.71259282346
5.68477333049
12.5341927302
-3.46218942744
-2.67631159156
0.570240336234
13.9531373866
6.27164393552
9.14078542963
12.490920381
-10.1776258565
14.923646455
-1.29401737308
-12.564412675
1.95390902943
-10.545825443
2.78334675533
-5.9205306257
-11.5788033422
2.11176132432
-0.72603927237
10.6389867772
-0.105030335063
9.3658855969
