TEST : MEM : MEM_SIZE = 262144 : in_size = 128  out_size = 128  gold_size = 128
TEST : MEM : in[0] @ 0x167a9b0  :: in[127] @ 0x167abac
IN_DATA:
float FFT_INPUTS[128] = {
    1.386749982833862,
    -0.000000000000000,
    -0.045451998710632,
    -1.067909955978394,
    0.352786988019943,
    -0.986549019813538,
    0.859403014183044,
    0.734848022460938,
    0.187371000647545,
    0.247492998838425,
    0.530948996543884,
    -0.778415024280548,
    -1.021813035011292,
    -0.489737987518311,
    -0.340061992406845,
    -0.942287981510162,
    0.865697979927063,
    -0.229763999581337,
    0.473383009433746,
    0.036178000271320,
    0.008777000010014,
    -1.020689964294434,
    -1.214171051979065,
    -0.420506000518799,
    0.217227995395660,
    -0.519482016563416,
    0.520696997642517,
    -0.132587000727654,
    -0.199542999267578,
    1.425866007804871,
    1.058271050453186,
    -0.036348998546600,
    0.554700016975403,
    -0.554700016975403,
    0.327654004096985,
    0.872824013233185,
    -0.507718026638031,
    0.348782986402512,
    -1.164981961250305,
    0.578904986381531,
    0.729704022407532,
    0.819683015346527,
    0.617331027984619,
    0.125334993004799,
    -0.535264015197754,
    0.721431016921997,
    -0.501051008701324,
    -0.193514004349709,
    -0.310997992753983,
    -1.339164972305298,
    -1.081771969795227,
    -0.147028997540474,
    -1.130030035972595,
    -0.181953996419907,
    0.666293978691101,
    -0.657123982906342,
    -0.024902999401093,
    0.477257996797562,
    -0.815521001815796,
    1.021790981292725,
    0.814002990722656,
    0.939631998538971,
    0.109027996659279,
    0.866216003894806,
    -1.386749982833862,
    0.000000000000000,
    0.109027996659279,
    -0.866216003894806,
    0.814002990722656,
    -0.939631998538971,
    -0.815521001815796,
    -1.021790981292725,
    -0.024902999401093,
    -0.477257013320923,
    0.666293978691101,
    0.657123982906342,
    -1.130028963088989,
    0.181953996419907,
    -1.081771969795227,
    0.147027999162674,
    -0.310997992753983,
    1.339164972305298,
    -0.501051008701324,
    0.193514004349709,
    -0.535264015197754,
    -0.721431016921997,
    0.617331027984619,
    -0.125334993004799,
    0.729704022407532,
    -0.819683015346527,
    -1.164981961250305,
    -0.578904986381531,
    -0.507718026638031,
    -0.348782986402512,
    0.327654004096985,
    -0.872824013233185,
    0.554700016975403,
    0.554700016975403,
    1.058271050453186,
    0.036348998546600,
    -0.199542999267578,
    -1.425866007804871,
    0.520696997642517,
    0.132586002349854,
    0.217227995395660,
    0.519482016563416,
    -1.214171051979065,
    0.420504987239838,
    0.008777000010014,
    1.020689010620117,
    0.473383009433746,
    -0.036178000271320,
    0.865698993206024,
    0.229763999581337,
    -0.340061992406845,
    0.942287981510162,
    -1.021813035011292,
    0.489737987518311,
    0.530948996543884,
    0.778415024280548,
    0.187371000647545,
    -0.247492998838425,
    0.859402000904083,
    -0.734848022460938,
    0.352786988019943,
    0.986549019813538,
    -0.045451998710632,
    1.067909955978394,
};
END_OF_IN_DATA
OUT_DATA:
float FFT_OUTPUTS[128] = {
    -0.000002920627594,
    -0.000002980232239,
    8.875200271606445,
    -0.000000006520736,
    -8.875198364257812,
    0.000001417469775,
    -8.875198364257812,
    0.000004000031822,
    8.875204086303711,
    -0.000000860548141,
    8.875203132629395,
    -0.000004560118668,
    -8.875203132629395,
    -0.000002490353381,
    8.875198364257812,
    -0.000002302770326,
    -8.875204086303711,
    -0.000000222354970,
    8.875205039978027,
    0.000002342818789,
    -8.875202178955078,
    -0.000000728297437,
    -8.875201225280762,
    0.000001377427452,
    -8.875201225280762,
    -0.000000402967828,
    -8.875203132629395,
    -0.000000817340606,
    -8.875201225280762,
    0.000000783402811,
    8.875198364257812,
    0.000000496916982,
    8.875201225280762,
    0.000002920627594,
    -8.875204086303711,
    0.000001513397706,
    -8.875199317932129,
    0.000002490353381,
    8.875196456909180,
    -0.000000970978476,
    -8.875205039978027,
    -0.000000264501693,
    8.875205039978027,
    0.000000089043453,
    -8.875208854675293,
    0.000001509829417,
    8.875202178955078,
    -0.000000805958393,
    8.875199317932129,
    -0.000003117986807,
    8.875201225280762,
    0.000000028325530,
    8.875204086303711,
    -0.000001231632496,
    0.000004291534424,
    0.000002927148216,
    -0.000004291534424,
    -0.000000569963277,
    0.000001430511475,
    -0.000003559154266,
    0.000001907348633,
    -0.000001775097644,
    -0.000002861022949,
    -0.000002824700005,
    0.000002920627594,
    0.000002980232239,
    -0.000005722045898,
    -0.000000304543960,
    0.000001907348633,
    0.000000940632617,
    -0.000001907348633,
    0.000002569520348,
    0.000003337860107,
    0.000000331544754,
    0.000000953674316,
    0.000003307694215,
    8.875201225280762,
    -0.000000583004748,
    8.875198364257812,
    -0.000001459424311,
    -8.875196456909180,
    -0.000000306648303,
    -8.875199317932129,
    0.000000435470270,
    8.875202178955078,
    0.000002132725513,
    8.875197410583496,
    0.000003284776085,
    -8.875203132629395,
    -0.000001452214519,
    8.875199317932129,
    -0.000001294177764,
    -8.875203132629395,
    -0.000003141505204,
    8.875202178955078,
    -0.000001079921958,
    8.875203132629395,
    0.000000894069672,
    8.875200271606445,
    -0.000002182090157,
    8.875201225280762,
    0.000002251934802,
    8.875202178955078,
    -0.000002949886948,
    8.875197410583496,
    -0.000000264501693,
    -8.875203132629395,
    -0.000000864630863,
    -8.875203132629395,
    -0.000002199001756,
    8.875202178955078,
    0.000001852422315,
    8.875205039978027,
    -0.000000167707185,
    -8.875201225280762,
    0.000003843022569,
    8.875204086303711,
    -0.000000701799479,
    -8.875200271606445,
    -0.000000172293198,
    8.875200271606445,
    0.000003483152568,
    8.875202178955078,
    0.000000970798737,
    8.875203132629395,
    0.000001324343884,
    8.875203132629395,
    -0.000002884304649,
};
END_OF_OUT_DATA
COMPUTE: in_len 128 : max_in_ffts 14 >> 6 = 256
COMPUTE INFO : in_rem 128 : in_len 128 :: out_rem 128 : out_len 128
COMPUTE hit the compute-load handshake...
STORE hit the store-compute handshake...
LOAD DMA INFO : rem 128 : off = 0 , len 64
LOAD hit the load-compute handshake...
COMPUTE has 1 rem_ffts : proceeding to the next 1 FFT computations...
COMPUTE: starting FFT 0 of 1 = 0 : offset = 0
COMPUTE hit the compute-store handshake...
STORE DMA INFO : rem 128 : off = 0 , len = 64
minV = 0.000061035156250

Info: /OSCI/SystemC: Simulation stopped by user.
