TEST : MEM : MEM_SIZE = 262144 : in_size = 128  out_size = 128  gold_size = 128
TEST : MEM : in[0] @ 0x26bb9b0  :: in[127] @ 0x26bbbac
IN_DATA:
float FFT_INPUTS[128] = {
    -0.550323128700256,
    0.688112735748291,
    0.322322487831116,
    -0.243615627288818,
    -1.153302550315857,
    0.439431190490723,
    1.111910104751587,
    0.695678234100342,
    0.008991241455078,
    0.138577222824097,
    0.402102708816528,
    0.184135675430298,
    1.371026515960693,
    0.037109613418579,
    0.512275695800781,
    0.139122724533081,
    1.162894487380981,
    -0.477283000946045,
    0.947879314422607,
    1.368097305297852,
    -0.537534534931183,
    0.172731161117554,
    -0.888694822788239,
    -0.752827644348145,
    -0.274626135826111,
    -0.405024051666260,
    -1.283678531646729,
    0.529814004898071,
    1.314273595809937,
    -1.250154495239258,
    -1.135442495346069,
    -1.275445222854614,
    -0.019020915031433,
    0.609153270721436,
    -1.444170594215393,
    0.113487005233765,
    -1.012605428695679,
    0.215880990028381,
    0.416935086250305,
    1.291373729705811,
    1.495254516601562,
    0.187526464462280,
    -1.244030356407166,
    0.150431394577026,
    0.606148958206177,
    1.344367742538452,
    -0.585440576076508,
    0.776597499847412,
    -1.245331168174744,
    -1.287920594215393,
    -0.303817749023438,
    0.594708919525146,
    0.805598497390747,
    -1.060593247413635,
    -0.360245943069458,
    -0.324473619461060,
    1.108430862426758,
    -1.230755090713501,
    -0.947793126106262,
    -0.343260049819946,
    -0.809137344360352,
    -0.220477581024170,
    -0.274430990219116,
    0.833049774169922,
    0.025022029876709,
    -0.799447536468506,
    1.289863824844360,
    -0.371595501899719,
    -0.555576086044312,
    -0.397140979766846,
    0.711490154266357,
    -1.185140609741211,
    -0.308359146118164,
    0.832234382629395,
    -0.015177965164185,
    -1.198583602905273,
    0.854694128036499,
    0.083070755004883,
    0.730593204498291,
    -0.207244396209717,
    -1.079112529754639,
    -0.157509088516235,
    1.409062385559082,
    0.493308305740356,
    -1.294228792190552,
    0.337610363960266,
    0.645960807800293,
    -0.215184807777405,
    1.209112405776978,
    -0.381047368049622,
    0.621746778488159,
    -0.478459119796753,
    0.723593235015869,
    -1.455883622169495,
    -0.748855769634247,
    1.401541709899902,
    -0.648870110511780,
    0.522760152816772,
    1.313100576400757,
    1.042472600936890,
    0.418878436088562,
    -0.110380530357361,
    0.541214466094971,
    -0.794239044189453,
    -0.051352620124817,
    1.479395389556885,
    -0.313436388969421,
    -1.041742920875549,
    -0.355873942375183,
    0.818707227706909,
    -0.469959139823914,
    1.371375322341919,
    -0.026516199111938,
    -1.496836900711060,
    0.917382478713989,
    -0.229378104209900,
    -1.072227597236633,
    1.145762920379639,
    -1.096864700317383,
    1.013771533966064,
    -1.454639196395874,
    1.319111585617065,
    -1.285046815872192,
    1.287492752075195,
    0.815229177474976,
    1.025945425033569,
    0.052644729614258,
    -0.265557527542114,
};
END_OF_IN_DATA
OUT_DATA:
float FFT_OUTPUTS[128] = {
    -0.980090379714966,
    5.026745319366455,
    -3.915761232376099,
    14.761768341064453,
    -5.766252994537354,
    -9.847861289978027,
    -2.652115106582642,
    -2.206420421600342,
    0.551777839660645,
    -7.211706161499023,
    -9.927259445190430,
    -4.222024917602539,
    -9.014604568481445,
    3.003698110580444,
    7.103674888610840,
    -1.226713657379150,
    0.595106363296509,
    1.191301345825195,
    8.550810813903809,
    -0.625341415405273,
    9.661073684692383,
    -10.465559005737305,
    -3.272459506988525,
    8.213774681091309,
    -3.520019769668579,
    5.621343612670898,
    -1.153563380241394,
    3.155996322631836,
    -4.681999206542969,
    2.629272222518921,
    -3.008129358291626,
    4.084472656250000,
    -1.412485957145691,
    -2.808158874511719,
    2.445260286331177,
    -5.623745441436768,
    0.883525848388672,
    -7.386297225952148,
    -4.330633640289307,
    2.656836271286011,
    5.857142925262451,
    13.072586059570312,
    -0.896676063537598,
    3.404556274414062,
    2.131058692932129,
    1.147775411605835,
    -3.981093645095825,
    4.309794902801514,
    -7.927800178527832,
    -26.157140731811523,
    10.045673370361328,
    -3.641261100769043,
    -1.016915321350098,
    2.077333688735962,
    0.825058937072754,
    4.954454898834229,
    -6.523041725158691,
    -2.540009498596191,
    7.245306015014648,
    0.438288688659668,
    -8.654822349548340,
    -3.823042631149292,
    3.745268344879150,
    14.676101684570312,
    -0.078888654708862,
    -3.692676067352295,
    -4.415760993957520,
    -9.299377441406250,
    -4.976293087005615,
    8.579400062561035,
    -10.051127433776855,
    -0.641021370887756,
    10.492721557617188,
    8.107262611389160,
    0.762173175811768,
    8.453559875488281,
    -7.262444972991943,
    3.443010568618774,
    -1.080872297286987,
    3.042567729949951,
    -8.102012634277344,
    7.972622871398926,
    12.121077537536621,
    6.668566703796387,
    5.005271434783936,
    -4.217817306518555,
    -10.767513275146484,
    10.977822303771973,
    3.022313833236694,
    10.599229812622070,
    -1.706913590431213,
    -3.299242973327637,
    -4.008419036865234,
    -8.748863220214844,
    3.851078748703003,
    -2.295632600784302,
    -0.122317433357239,
    -0.361720442771912,
    -9.359869003295898,
    3.361785411834717,
    6.034027099609375,
    0.071968793869019,
    2.073494434356689,
    -5.130982398986816,
    -3.580356121063232,
    1.567344665527344,
    -19.102569580078125,
    -8.520114898681641,
    10.227399826049805,
    -6.340958595275879,
    8.523615837097168,
    -9.699300765991211,
    -1.021571159362793,
    -0.362741470336914,
    -0.432788848876953,
    -7.519477844238281,
    8.516005516052246,
    0.397813081741333,
    2.676920413970947,
    -4.682510852813721,
    -6.341551780700684,
    6.304975509643555,
    1.917627573013306,
    16.229442596435547,
    5.204829216003418,
    9.588156700134277,
    -0.242981791496277,
    6.845310688018799,
};
END_OF_OUT_DATA
COMPUTE: in_len 128 : max_in_ffts 14 >> 6 = 256
COMPUTE INFO : in_rem 128 : in_len 128 :: out_rem 128 : out_len 128
COMPUTE hit the compute-load handshake...
STORE hit the store-compute handshake...
LOAD DMA INFO : rem 128 : off = 0 , len 64
LOAD hit the load-compute handshake...
COMPUTE has 1 rem_ffts : proceeding to the next 1 FFT computations...
COMPUTE: starting FFT 0 of 1 = 0 : offset = 0
COMPUTE hit the compute-store handshake...
STORE DMA INFO : rem 128 : off = 0 , len = 64
minV = 0.000061035156250

Info: /OSCI/SystemC: Simulation stopped by user.
