15.4251
    3.0401 
   2.1674
    1.7405
    2.7662
    1.8972 
   2.3358  
  2.4388 
   2.5917 
   2.5339 
   3.1939 
   2.4937
    3.0401 
  16.2272  
  2.9351  
  2.5475 
   3.5143  
  2.4015  
  3.6249  
  4.0596  
  2.9846  
  2.9236   
 4.0984   
 2.4964
    2.1674   
 2.9351  
 15.1435  
  2.3072  
  2.7206  
  2.6030 
   2.3527   
 3.3889  
  1.8346  
  2.6637    
2.9488   
 2.2119
    1.7405   
 2.5475  
  2.3072 
  14.1610 
   2.2929  
  2.2801  
  2.2036  
  2.9451  
  1.5981  
  2.2709 
   2.5322  
  1.9478
    2.7662  
  3.5143   
 2.7206  
  2.2929 
  16.1196   
 2.7641 
   3.0616   
 3.7821  
  2.9414  
  3.0625   
 3.6705    
2.7659
    1.8972   
 2.4015    
2.6030  
  2.2801 
   2.7641 
  15.1824  
  1.8940 
   3.0789   
 1.4271  
  2.4217  
  2.6460  
  2.7238
    2.3358   
 3.6249   
2.3527   
 2.2036   
 3.0616 
   1.8940  
 15.7413  
  4.0759  
  3.1376  
  2.6832  
  3.3885 
   2.0923
    2.4388  
  4.0596   
 3.3889 
   2.9451    
3.7821 
   3.0789 
   4.0759  
 17.4045   
 3.2053 
   3.4608  
  4.0680  
  3.1145
    2.5917   
 2.9846  
  1.8346  
  1.5981   
 2.9414 
   1.4271   
 3.1376    
3.2053   
15.3467    
2.5058    
2.9182   
 2.1845
    2.5339    
2.9236  
  2.6637    
2.2709    
3.0625  
  2.4217  
  2.6832  
  3.4608  
  2.5058 
  16.0929  
  3.1252    
2.7056
    3.1939   
 4.0984  
  2.9488 
   2.5322  
  3.6705  
  2.6460   
 3.3885  
  4.0680  
  2.9182  
  3.1252
  16.5401   
 2.9455
    2.4937  
  2.4964  
  2.2119   
 1.9478    
2.7659    
2.7238    
2.0923  
  3.1145   
 2.1845    
2.7056   
 2.9455  
 15.5429
