128 128 4 315
%%
-14.4877019691
-5.79768253332
-3.62444970084
-6.97854181128
-14.5777210099
3.60481637456
-12.4267774117
7.0262723635
-4.23010920641
-13.2733641105
8.49307068482
-8.51864152311
7.05631711247
1.96589218671
4.81596327751
-5.56826668091
-12.4279162703
8.74471853244
5.27172818237
-10.0924553315
8.97017222163
-9.13176441588
-11.5709638412
-12.0418740602
-6.733066155
-11.7286220112
12.0037535478
1.26468687612
-11.7861830548
8.51427200125
6.21430362651
9.85695976608
-10.726497415
7.35942064062
-3.50895877914
-2.51330039053
-14.2991159493
9.28689797796
5.61616078304
13.4648434945
1.15788369133
14.231734601
-3.69002524974
-9.20058331557
-12.7236878281
-1.2304267398
-6.13068620504
-12.2503805674
1.69019994042
1.73967469026
-7.84084299511
-10.052079655
7.85771869334
5.63233021136
-2.62133380706
5.79068831219
9.89458856678
-2.24675117218
-6.03434783854
-6.45427686532
-10.8236315103
-12.642738073
1.86063848925
1.25444750048
-7.94758225525
-6.83644741685
-4.85491043839
-14.2905957731
13.6982095559
-9.80503708393
-1.52028014976
-2.32349285006
-12.5460082099
14.7599480016
6.61336732414
-9.67059362096
-8.20508438126
-13.1337286092
11.7016499112
3.15220655766
-6.25119976374
-5.4105340524
-4.51859485997
-4.76169075956
-3.37349339363
-2.41321633304
1.16394198196
5.73076108599
-3.47941691788
11.7959894085
-11.6883255645
-1.11831486454
1.98080683567
8.48428797369
-11.6606709553
7.87275485306
1.91696531344
-6.73060248783
-4.13263218881
-10.6024933706
10.1230316118
7.14799683744
14.5821259346
3.74122468721
5.89225433501
3.15033029832
-11.3919934827
-10.9174370145
5.48901069294
-6.14878656645
8.84733612181
-13.5754763734
7.79526820587
-14.12019518
-8.57211667163
14.0088074118
14.7618100755
10.7711894673
-1.91875875069
7.34407705685
12.763951363
-5.64508070279
14.4594664367
-5.68907734058
-3.1480536572
1.05275366346
-8.68337981793
7.07824843244
-0.824195260642
-10.1913809204
12.9313012394
-13.9480008176
-6.11272071776
9.55446217353
14.0255749262
1.09154795823
3.69203693374
-2.17055667628
14.4387022086
4.82863264677
-14.9052866418
4.11268503572
-7.36233382141
7.11232648063
7.21727341526
6.26414425234
5.05338435037
-6.81380516606
14.518632903
7.53605550261
-12.9720147498
-0.803022827248
-10.6327517378
4.24364219576
7.50631157759
3.19309723569
0.947496513772
8.48675295218
-5.63459800141
1.3786180923
8.72233149601
-6.14270560335
8.71087580967
8.42035486114
-10.8100359886
12.6280613938
2.4749529539
9.8783728662
13.8594202985
-0.693969959649
-7.07011470078
12.5983445043
12.6151383821
4.79810440506
5.3173361132
-8.47973976536
-13.163626998
12.7952022851
3.00238225076
-2.361765102
-13.626033149
-14.4626383917
-10.6337835349
4.37792224819
-1.30514718752
-6.41614019783
6.54304540424
-13.9657149839
9.12576552657
8.86860969252
9.60637999697
5.07494128696
10.1558870289
0.668604003711
1.10277317028
-7.0138514809
3.00445052213
-2.09209903529
-13.0742002565
-12.0260245999
-7.56809790112
-3.91019881571
11.5544851329
8.79635123474
-4.94044124223
1.91285705403
14.1958672533
-11.0909922266
-3.81810114452
-14.0576421263
9.50681605636
-7.03382596019
7.15261843938
-5.97906051
9.05303867787
12.3169039518
8.69079458547
0.958282351446
-9.77322006999
11.401976343
13.3317158523
-14.2887065479
10.5372929721
5.04953312241
4.62723023287
13.4501346778
5.99095884199
-2.71524258741
0.680301087332
13.5852341199
-6.93669936007
6.75135150679
6.8087561027
9.48673971241
-12.5633754106
-0.435638469528
-4.47318776338
-2.60421514546
-9.68485881769
3.32540256399
9.96984986493
3.07285825023
9.42442498215
-8.97213757639
-8.58349762397
-9.83459160149
-5.35917369739
8.14413467017
2.64201911379
10.4986347433
-13.4559667676
-3.74376053402
-11.5013372753
-13.1493052555
-11.5371302104
-1.94435940294
-11.9655550481
5.09922117666
7.42880496634
-1.32328124701
6.99846424143
7.87049250232
12.0360127685
8.16821440783
8.53982921605
6.91058404159
-1.28695975072
-0.676386725894
6.80311188729
12.4053742249
10.4499850363
-10.7765611282
6.43903684428
6.12044357606
-6.58403481289
14.6976208283
2.61724476998
-6.91883655133
3.37292946685
-1.96236437085
8.70013681069
-11.5260139011
14.2089246962
11.0637821421
7.08432172218
9.47757420505
-8.46899220952
-14.7857640004
-12.4311080656
-9.69684062638
-9.2259614472
1.20461044452
-14.399166181
-9.56456816835
2.21492484791
11.2834989195
7.97059984802
11.5990391819
-8.27723415121
12.1725134104
-13.1872681095
14.9741055625
5.83848279384
-1.79255682339
6.51333260772
8.99946325553
11.1409489912
0.17064992103
3.74725084204
-2.94139037091
-14.0094802532
7.62076935091
13.7097154232
-12.3709874144
8.83282861554
%%
10
106
114
16
24
92
13
2
53
65
80
22
79
84
36
73
123
22
61
75
91
66
86
104
72
42
75
105
19
27
33
70
42
69
121
4
7
80
124
94
103
2
11
44
95
25
70
96
119
69
88
53
56
21
78
104
114
37
69
105
80
21
31
84
121
57
91
102
126
3
26
87
101
61
76
88
11
33
115
2
58
86
99
35
119
122
32
70
96
113
47
64
35
0
4
33
109
5
10
52
103
23
37
46
78
86
124
2
126
60
90
114
77
41
11
20
109
68
75
28
68
83
45
48
62
83
97
5
7
40
54
31
40
122
47
63
73
105
56
117
8
58
107
125
44
49
120
124
18
77
15
69
96
118
2
15
79
44
109
55
63
116
28
8
88
89
14
105
122
92
65
0
81
82
112
22
106
33
124
5
72
73
97
45
1
10
63
109
26
39
17
20
78
21
103
8
107
14
65
42
98
103
125
20
27
70
71
99
8
71
57
113
118
43
86
90
99
51
2
48
82
93
13
18
88
50
81
121
35
67
22
76
86
94
38
70
100
99
35
78
54
113
114
32
118
120
62
93
28
43
47
69
75
94
101
111
21
45
37
73
111
72
109
4
64
126
105
5
16
81
83
29
69
99
113
14
39
103
22
61
66
108
49
119
123
23
34
106
25
53
65
103
9
92
94
41
61
73
89
98
12
10
11
108
62
63
65
0
41
73
74
77
84
46
62
%%
0
3
6
7
11
14
17
21
24
25
28
32
34
35
39
41
45
49
51
52
53
57
59
60
61
65
69
73
76
79
83
86
90
92
93
97
101
102
106
107
109
112
113
114
117
119
122
124
125
127
131
134
138
140
144
148
150
154
157
159
162
163
165
166
169
170
171
175
177
179
183
184
188
190
192
193
195
197
199
203
207
208
210
211
213
217
218
222
225
228
230
234
237
238
239
240
243
246
248
252
255
256
258
261
263
266
267
271
275
277
278
282
284
285
288
291
292
294
295
299
300
301
302
304
307
309
310
313
315
%%
10.3110339324
6.02816235113
-5.56071803641
14.248684793
3.68513541262
-5.627984339
8.58337098826
-8.27603561713
-7.77843572537
12.1574192571
-13.3440202309
11.0933811949
-3.09704133171
2.16067099028
5.72934338606
12.0773955284
-8.40379612596
-12.211885326
0.364672055683
-8.27696594555
-2.27583474796
-11.6930024605
-12.2999503951
2.02449284442
-13.4461785525
-7.00194662603
-3.35455145923
-12.1513007898
9.16763548553
12.0468787609
-14.0366369468
9.2053156254
-9.72358825801
6.88606144132
-13.1800644757
7.36482962499
12.9739387747
-7.22806648633
-10.0480211815
-4.78557717321
10.7945511057
8.40552059
-10.2984477243
12.0553498803
7.17399665335
13.7143825612
14.180932599
-10.2470407379
6.8280638138
-14.2658056217
-9.24700121013
1.09394105409
-8.00373995958
-8.45189588267
-4.26717278053
-1.21708499024
12.5362298704
2.4367555679
1.68277940149
6.57802249843
-9.34868926714
9.0991642683
7.88330008377
9.42857017962
-1.49517086968
1.25490288077
-12.7555265798
-1.24545529155
4.31138898332
13.4978464002
11.8839701455
-4.8231265502
7.69000907885
10.6817423521
13.8392445805
5.41601373961
-5.11303427641
11.2069774109
-14.5120795026
2.02538356276
-1.25820362005
11.4825457046
3.63449452285
-8.98195890533
-10.034766063
-13.9181976103
7.56720119353
8.49714762655
-3.79867112364
-8.29015260819
1.72502184506
-9.1354031006
0.800056705673
-4.69217481511
-5.42705999207
5.73358009378
-7.53892525311
-5.05707350474
1.91748065808
13.2552061517
-10.4952937289
-5.80526104137
-6.82086711233
-5.5502797566
-0.36929885099
9.60847830102
-9.56252651102
6.56340898281
-2.04029637532
2.15922950229
0.0798853920415
3.08875162968
-9.61515858573
3.48156512849
-2.93708422253
8.52256120614
2.87254566344
-2.76203215691
14.6119265706
-9.62864054911
-14.5867555274
-11.3046545702
5.69446335806
-12.2437419895
7.0619125243
-12.3512202496
-6.07967312783
3.66811801138
