%%
91.8560401495
107.56331529
-137.748324861
-82.3406246767
48.53392283
-35.4130935486
46.4892515022
138.159938746
-444.08930544
-197.990898103
-249.200395749
81.2156845294
39.4179871629
228.152567363
2.92935879101
-62.805905953
-0.55375607021
29.5392674029
150.73257517
208.421145927
-30.898460846
153.72446931
17.8341065334
-125.566275906
-103.382578613
22.147685989
-31.6233052701
59.1179120797
-74.1845877329
80.6344323447
-240.639344732
191.124238051
98.9926390263
189.945920331
109.570277695
-121.996789993
31.172760918
0.781801757344
-70.4139498803
48.5614935932
20.2670833339
-42.4247655068
-49.2627555874
-108.61205038
236.99995751
-116.900996441
-3.95062103224
-31.944729007
56.8421457847
-292.487250169
-91.1692424108
144.682492079
-50.1605752083
75.0450416334
38.7265119888
-116.430055796
40.6584082016
-123.021742119
250.304031996
-145.164963348
-69.0330840726
74.1671248759
-94.2221516596
-170.191678971
191.118041419
6.0310902674
131.542627667
173.920166165
-178.320642096
-327.917511237
-63.1444462056
15.2072852078
-32.7913249781
49.3523640299
-252.519762623
86.0763470687
-282.320204475
-50.9043456279
-66.1964920652
74.4814037992
-217.9717824
77.6780864758
74.4392256719
267.279212082
24.4703640437
-86.4701993343
-289.702519443
-48.6336407107
-174.226616508
6.56238206753
47.3234154088
-24.1247607656
-126.220155427
-218.416464155
-106.779499487
-118.893814374
0.174642121068
-188.297163372
-256.395762357
34.6422171573
-372.771409569
211.952835831
-116.059517586
0.741133804178
-154.143831161
-223.88470384
-38.2716532146
-52.9132330186
-72.9806635463
5.10120909619
36.4721701929
-50.8491137658
-11.5504851105
2.4831101965
35.1725531441
-226.292501195
-474.179958806
85.3165611279
-12.1731362239
-153.299075622
132.233142127
195.68164899
75.8801435807
-216.565338922
60.8764616497
-96.1303928164
-25.6434497195
19.9071764195
-143.530673738
1.22020252697
-137.487295044
-116.090264855
-56.0680380141
-302.352070821
38.98652744
147.880400749
56.0954369824
-75.1069879034
158.444470278
-25.5003097651
126.135626964
70.8230475985
-53.4934148517
45.0861646975
-8.71487974311
136.521640141
-54.6788112643
-161.320594678
28.4247878878
42.1512361388
68.0266387871
-4.96273412062
-110.890616118
-175.933025839
-157.020095016
-211.218506755
-112.41497846
-201.028658959
-18.7153771018
-403.179442751
140.781775602
-140.779503611
9.58838588226
-259.348787666
28.2475069693
-93.8981027242
-197.905292236
54.4565279706
-11.8818421722
-68.5247484746
-160.809110185
63.1454153337
186.291504705
-245.995255037
288.287096543
220.84123721
-17.9065707159
-185.588457827
42.2032588481
-98.734214408
-251.937363833
-107.51224255
-52.6811825889
-159.649898017
43.4598435804
-98.9582258274
-24.1206134752
-119.704435101
-271.604927536
-160.296476828
259.434567947
79.8432968923
-33.6802206485
-235.816458606
-205.51173807
-99.8068852391
-2.5240456978
-20.9725164291
166.805485351
72.3194998153
157.015727758
0.338457967154
16.1212920722
242.631627732
52.1171851482
-170.733759889
-143.42146102
136.717686129
-66.4197048186
67.497497443
-328.676988156
204.943370589
160.437084217
118.098203118
11.9496390489
16.4494119608
-377.837036426
-128.825642501
42.5383902011
-117.92857305
-64.1848725231
26.1903458878
407.027590623
-79.3367185362
167.470595635
-27.4738570404
-100.309747226
32.6983023672
-64.2267217152
94.0296538936
24.8557713837
207.631267629
-35.3281692061
145.787121652
292.58767574
52.5932416749
18.7754009357
-12.907983682
-270.847154479
281.326526223
35.8591985101
59.1870540528
-254.938355471
-12.4424183057
219.20210191
-160.204843787
19.8756011128
253.021394953
-16.3728512878
33.9423569805
-56.9743779609
-43.3477976188
29.8631317572
191.251277466
-110.869335445
30.9430269076
-47.2446671043
-30.4300370907
-109.122607196
-38.7174054845
64.0044183809
107.674695989
-110.222168994
-104.872200359
55.4820474119
156.414840172
103.509546532
-86.7921411621
-206.697536602
1.71520437097
74.2332498233
-63.0738187677
-30.1897353534
169.059972896
61.8893288966
-218.190399122
-108.80896169
19.4348098209
-81.8220171081
-238.458685235
132.387105446
-169.450972093
-29.7587433365
185.141969258
-24.8540532652
-168.438334244
15.8532367306
279.023128568
206.000248663
41.5488886167
28.9354654974
118.938542098
16.622154751
-78.2904970649
63.5531799842
-213.677698055
-113.907711547
-99.7502772948
-33.4105372535
14.0567137137
1.93146964587
193.839043931
-140.442407532
260.119167269
-50.9484617155
10.4587986949
39.2772936183
8.41322456887
149.498588258
158.142258414
128.940735807
25.8971220873
-60.2267891935
-89.2758376376
87.5236539305
109.92977473
-174.533262342
-69.6044093425
-45.7964651824
205.917884671
13.8901618573
154.398474427
123.063858367
97.9683009525
-13.9848272196
37.4584497991
-60.7055121858
-107.465326424
-194.481226402
-75.9214667825
-289.098988212
-42.2873156487
-169.358435562
261.188113336
-85.6172576255
74.1782317484
169.761920972
-344.654516564
-442.936691685
77.6746052157
45.3099950589
37.7189952132
75.5476160133
-97.3362671431
-22.1641470524
36.6129232225
383.929965356
58.7358150109
-107.843048525
0.575037348684
-133.957367
-138.78333194
-144.894567977
-10.6118481345
-305.121375618
-45.2879480688
25.1775545983
-30.6898173533
53.299098497
-70.7597413817
161.626872545
-340.498959338
-9.1534954598
-178.50005448
-358.364922629
240.930319405
-24.8959040544
139.567568714
-129.081902943
164.0904515
-42.3357934707
-32.1904018869
55.1656177346
-123.890095789
-212.03694109
264.577648536
-348.250630912
5.67564520407
31.2375246803
258.503008776
109.995112644
316.261995446
10.392447457
-66.1509569881
-52.2548625595
-147.313231563
-19.4032725731
87.7849943728
181.467920569
-76.1685833917
48.7560205646
-481.503732042
145.665537472
-177.916015715
-311.914253031
-106.132189207
120.077045391
-112.875430948
-60.2900927727
-46.1308230905
107.638198695
-244.178763764
114.376894428
-245.897022212
62.7300515324
188.996451162
129.188975084
17.5248780604
-61.0698861314
-28.4733509401
74.8839415552
74.6580729996
-42.434609196
188.006668207
-81.0835454075
-159.350817205
-34.5832968696
-90.2353262049
-189.28316647
-198.353671699
155.78643856
-165.112878688
-235.076532616
-208.035255108
-147.80686315
349.148026514
-1.13635318239
-141.975718464
-172.40443129
-284.64700067
-48.2391243585
-44.2281705199
-162.580313124
-165.863563636
71.6723219807
-128.87201
151.972114996
-42.5252503446
95.1055980952
-96.6860348132
-61.5329777757
-38.3381207171
87.4517524424
289.306425521
-177.072785836
-131.370392909
-53.7154263404
230.521201538
85.3774956046
-47.1784442108
6.4655649821
-35.8373579912
277.211489732
146.420288579
33.493542853
-113.490675313
75.0618124421
56.7386147841
-25.6660215142
236.536484082
99.5492987805
-160.46765866
133.160806731
522.587561184
3.51806838719
-27.7841051744
-150.958429197
-184.801160015
-189.098127976
140.562362552
171.442143717
117.256135636
-35.1278397164
163.128732771
42.8778203059
-50.8579579909
-403.840240447
88.7225111086
170.644492152
84.4176284393
156.002697397
4.10028324677
-74.7208084851
44.5680334779
-175.839198487
-89.8171879112
47.7126703153
-66.5281113338
-203.109280439
-78.0532898166
-24.2750738969
-104.322244868
260.282233305
-22.6056941905
155.117777418
-133.319479079
64.1121283688
102.574339863
118.877988882
302.613036513
-288.992234073
-55.1066192207
48.841607681
-71.5794579321
60.7739299218
89.50357143
-32.7324531338
-143.509591009
-184.327528778
-160.332876833
453.76323479
-75.2422247827
15.1946909355
21.1225418926
-154.450911836
-3.02084730514
-55.3818652505
-44.9630075244
-137.14447028
-31.029980799
21.8379927275
-23.9583680581
-5.15213524692
-60.0674374489
-22.8062916801
122.178398014
-206.978726581
237.090853636
-64.3607152183
-42.1234179415
-48.0794575149
39.9772962029
-16.6038983712
57.1387826105
-140.907489244
-60.709234637
280.755000598
386.040238373
-306.14001151
18.3669382952
10.3546071045
-17.9244225376
-186.084410633
-22.8340296363
65.6672649954
104.369468691
-51.0789231092
282.673431215
94.9141717895
-180.682726988
-132.795035752
13.5541530046
151.991116187
17.2460705348
101.389995701
-8.32356126388
-68.8298425134
-37.1485884602
-253.819585742
-118.402094843
206.184024441
7.93281774873
168.148534339
-41.5183494773
-54.6310543685
-11.0462268654
40.742106196
183.379350918
-36.350388589
-28.4379592852
128.507308439
-120.296513249
20.7054713129
-38.8376755777
-53.2502829581
-17.9777365867
-55.3837063848
-96.7599187496
-37.6236896713
-44.1375862637
-98.2020783818
147.701607722
-191.847108772
-13.106489524
0.261392811349
16.8653170631
108.154101002
7.9806161401
-66.017592528
17.3517379099
388.529693563
80.4987647963
-98.7507086029
-115.182910732
220.923429369
-125.205177394
-114.860175235
82.2418896304
-99.0740301284
-15.9104508243
-21.5969323989
-30.5004742989
69.8163544025
475.249117049
88.0264093007
-41.8115639454
141.740534886
-43.6304994136
-50.2731279236
-469.578165204
164.33292716
129.145124469
8.28832459537
-3.85839328835
-76.4420021393
-125.230993831
353.142474802
6.98481406066
197.450851245
-464.387101256
-232.530647612
-32.8317842408
-68.7418590367
24.0451601
282.168281384
236.850514521
104.880541159
-94.7462711281
-200.570917195
-54.5919021733
-413.609279046
50.8867849261
-116.646845173
-115.020409784
296.262161155
-130.603255839
-56.8495397447
360.295078426
0.583505387392
148.881337725
-153.723818267
5.39602293733
86.1231353332
21.7165799382
-91.0557914389
143.203784877
260.562254439
-35.8016869891
-3.7633231104
77.2709396624
-5.78574198808
123.128419062
168.487924865
-120.643200796
-32.597591332
8.24422177718
175.118539555
3.81358579342
57.3888077282
109.459392842
-125.197381926
-144.663867325
-3.46712665739
-108.198163399
99.7280126906
51.0242922975
54.0044727862
146.01515611
16.6644942241
364.71288608
-24.2956864868
-132.152210633
11.6224914601
76.3877741286
-50.5801358121
156.408473053
176.214461842
83.76985632
31.3647837902
-217.545982944
50.6720300276
48.2849089108
-155.447143745
-105.49848333
-7.50618022223
-73.1740392557
115.993331067
151.189355691
68.9455011509
-11.9555377111
-149.843796278
-57.9801197811
-27.2802708616
-226.731894451
-154.290061722
175.401750447
9.19775251013
108.830886502
-93.321970735
-12.1192078046
-237.067808018
109.603037348
166.48259379
-38.891908707
-138.678792333
-133.11098964
-13.3383004653
-44.4090255155
267.604012118
-251.542206354
347.040184164
-9.90575296833
324.506247888
-11.3903253597
46.5866128868
449.378759295
-14.9421375254
180.997328007
398.448648426
121.582786036
64.0236593306
192.632881922
-157.26298175
143.945227551
-405.655325457
-181.888336558
129.490535643
-140.630348731
53.4081481825
-103.058262196
24.9915306713
76.2702317404
-226.210681315
-128.365051565
101.335024463
132.322028337
-127.769213265
20.0702850588
-189.843229016
-314.684238363
-388.935461551
-26.5385613066
24.9044374351
-64.1622670022
-434.142292563
-363.218440207
-170.752073314
-28.7866411444
316.392406942
-257.196311555
-90.0380632909
-86.399871944
-104.881786358
97.5190674592
309.622353356
-165.633444973
-45.4739842049
-213.63057149
-13.5070917653
98.1020261124
16.5929863147
-23.8302898265
76.0824375867
-85.2391435033
316.387225391
-113.626903757
-44.8333049261
182.696771224
377.380132199
73.3259748679
-40.710998263
-81.714362868
-25.5669490618
-202.632766626
0.189929911375
-214.46085211
-165.537832658
359.171634048
117.964434717
-130.813879069
-82.3020105776
-88.2121990044
-98.0636772772
-27.5977864009
-1.46482187893
-78.3306040238
-176.02441334
97.2659848703
-123.998519363
195.419976697
-69.2062343904
-63.2580793315
268.475595383
36.1674121884
1.52321943864
113.696075004
-336.848488617
94.6568733251
-202.899912031
122.879638326
-101.616594328
11.6666402497
-11.7134182693
-6.88743690645
39.0767466227
-8.98746799078
4.81360438001
16.7779547154
270.434857321
8.49177116476
-185.958822983
15.4701843266
-37.0394261971
-12.0825170329
-35.977672386
43.9710876119
36.8057139278
8.26644295104
30.2206530008
155.451423299
179.23828799
275.718016746
-204.853988773
-30.3397037432
4.13754542038
-7.98799110432
55.6184382022
94.2231351453
-6.68025935277
-82.9432786025
8.19479955878
-43.3523522206
63.0084491149
-65.4184135268
-412.662293768
-18.2591211914
-185.845747762
-19.9379071671
-113.541645128
-326.451040585
-53.893661187
-145.696074385
-293.544048358
477.995614744
6.22921481729
94.8392693539
9.12131711922
40.5236668084
79.3993839022
45.5388157068
-326.449398045
115.835801376
166.486898318
18.167511717
19.4464243644
6.32097265438
285.691594077
-185.919583808
77.1458664335
224.15746479
45.0117485573
-86.6087893773
-24.0621754704
85.0407438956
26.6937917987
-146.452065392
105.22570079
-53.0304039027
100.021630415
-186.231990011
-64.9526555002
289.539800886
325.177991027
21.670296081
-2.37534295428
-22.3384896986
24.4045673021
100.149940646
-269.499171291
-139.034358429
157.834087969
-31.6383904875
336.351985413
-230.732292661
256.237161405
-7.53216311648
18.8277243284
-59.4415231905
-49.2574390629
-36.6947044557
498.848689401
80.2513170128
231.268859928
-92.7883593454
4.97368737286
-276.217587284
45.026986302
-86.2252794177
148.771615745
-70.4113492034
5.24166096134
201.187590939
446.588272493
-511.20812934
-105.512023238
-219.832651212
-37.2951492674
442.822244708
-159.248124178
193.721567701
-146.123835761
28.3900826592
287.843341163
285.917139171
-218.832138663
37.6932345332
-108.793226275
-151.117680774
234.306132944
-91.6157047688
43.4621921211
125.608691582
-21.8964969025
95.2184429683
-245.899602044
-67.5124183383
16.3972009175
-30.0517981347
75.9422811641
-63.7691089656
-17.4689708371
20.7024907718
-161.252929441
-14.1875952157
-2.97210730496
-133.04308586
-343.464407933
1.70776934807
-187.931528115
51.8218980816
55.1886341589
-281.015773959
210.326053756
62.9641905509
81.6926225397
71.6988879901
-93.4732441408
-43.0283750751
3.031113909
-118.672212564
-1.77735946671
-141.064406934
198.72862915
-217.369586142
-102.214873671
88.7957798037
-48.3757554687
147.926845534
405.297619688
-39.9969001271
35.4007902131
-29.0155251829
-77.3419581752
-180.630713032
-26.4440927107
2.46747193838
-223.171819451
-156.080653678
-63.9982054119
-43.9901766278
-64.5405675639
106.013787379
-39.6029290441
65.6474103812
272.633987011
-50.1609296985
109.254940444
51.4680346856
5.62058553603
61.4773808231
-293.61100494
-189.678907609
-31.3196369562
225.630282388
-156.408298112
45.9968593382
-81.5827746846
264.332937119
-392.057636204
5.02753546614
-40.4282540702
-120.676534157
151.371379513
-88.6256430337
-58.4548048304
-228.179660748
496.560023224
-94.0626559931
50.5015798135
-135.314268152
31.4897850167
-286.696273742
-42.8355940321
50.172142346
20.0761170866
-95.1011256474
-196.050445288
177.086021886
-93.8880981186
155.64008346
-279.01845091
198.606324217
34.402260718
47.945233299
43.5948476792
117.368329617
-157.921347655
-104.9943235
37.4548210857
40.9325403297
-28.4145428858
44.6695069742
62.9356510349
-104.892333449
