293
450
406
407
404
397
413
380
109
-9
0
-3
8
-9
5
-186
425
1165
1001
1011
1060
940
1066
923
372
-34
2
25
-8
-58
33
-902
413
1030
966
816
750
784
615
455
348
25
56
-21
6
94
-26
-297
227
202
292
232
233
238
325
248
-24
7
-18
-12
-1
14
-32
-23
264
385
439
426
471
472
439
427
50
25
14
-17
5
-2
-15
-256
336
624
581
577
585
571
592
538
193
-9
-2
-23
16
-6
3
-399
341
686
700
735
677
665
777
628
204
12
1
98
8
50
4
-518
354
679
579
665
683
681
634
546
230
17
10
-3
0
-10
-33
-421
109
422
334
337
331
316
349
282
218
-17
0
-5
16
-17
11
-372
19
35
49
18
-42
8
174
204
38
19
10
-29
3
-77
34
-260
-89
-395
-249
-280
-263
-271
-68
37
-179
65
-39
28
-3
-27
49
-32
-10
22
40
-20
44
34
-12
29
-21
-11
40
-25
2
-35
32
-28
0
26
-11
-14
66
-2
-13
39
-1
-16
-5
-19
34
-4
-42
-66
-8
-9
51
38
-10
3
81
52
-16
-20
0
-72
32
-20
-8
-72
20
-5
-5
42
53
64
-14
-17
40
-28
6
-46
0
-2
26
32
-147
-589
-455
-554
-575
-569
-532
-416
-294
-32
-12
-12
0
12
52
572
