235
436
407
404
401
400
406
387
415
414
494
553
573
446
115
0
-2
0
-9
-9
9
2
-4
-43
13
4
10
-354
375
1066
972
945
972
996
951
926
889
903
609
467
439
358
395
1
7
-13
18
14
2
-25
6
124
-54
3
5
-240
157
94
134
115
153
169
131
93
194
140
264
281
264
264
-41
7
-17
-27
-10
-7
-40
65
-43
-52
23
-27
16
-110
274
629
570
520
563
467
636
466
450
585
547
538
734
499
194
39
29
27
33
-76
54
-106
54
46
9
93
-105
-464
322
849
791
790
827
797
800
751
672
758
797
814
767
664
288
34
-7
12
20
0
34
77
67
7
21
-22
8
-646
334
827
774
757
746
742
806
726
555
567
495
616
654
524
313
-5
-9
-1
2
14
37
-19
-17
21
7
27
-51
-479
363
600
429
465
473
434
739
699
329
356
361
489
407
383
370
41
16
59
-7
-46
17
-68
-13
-10
76
-31
-14
-280
267
635
503
433
486
350
427
512
698
776
786
831
839
718
178
41
-28
6
-50
-41
-44
-79
10
-3
17
8
-9
-725
325
904
854
841
799
795
751
733
706
711
717
702
717
606
296
-2
7
-1
-5
-9
-4
12
-11
-3
-8
6
3
-571
115
517
459
452
447
444
456
418
474
473
632
750
791
537
230
0
-4
1
-18
-18
18
5
-8
-86
27
9
20
-708
-90
-403
-349
-353
-340
-351
-353
-361
-283
-328
-103
6
-20
-18
-180
6
-11
-6
-13
-10
-8
41
-18
-98
38
6
1
25
-37
-143
-103
-41
-106
-56
3
-22
-43
50
81
-25
-80
12
-74
-24
-7
-6
-26
-15
-88
39
-57
-5
37
-105
69
8
-20
-89
106
126
68
155
66
17
112
0
149
120
-2
78
-39
37
-18
-27
-39
52
22
29
74
48
0
-68
60
-84
-8
-43
18
-1
32
8
-28
-117
-48
-52
21
118
73
47
-15
7
-9
4
9
22
43
18
-68
-18
84
-18
45
-48
21
-115
-64
30
-67
-31
26
6
95
78
36
138
90
73
42
-25
45
-7
0
139
-5
27
0
-39
84
-18
36
-85
-61
-133
-75
-59
-46
-72
-165
-162
-192
-154
-126
-23
-270
-70
-122
-11
19
-100
-27
15
2
40
-50
0
67
-103
-91
64
45
230
268
291
201
209
171
155
47
-9
14
23
-1
-7
89
-22
21
-31
46
39
22
51
-6
-11
7
-12
6
11
-182
-892
-812
-787
-762
-753
-708
-689
-689
-714
-714
-692
-720
-574
-365
-5
-3
-10
22
24
12
0
12
0
12
-13
-2
765
