117
121
119
125
123
126
127
129
130
136
133
141
145
156
158
191
252
195
233
199
5
0
3
1
1
-1
-1
0
3
1
2
-2
1
-2
-3
23
-17
15
20
-105
119
134
130
154
146
157
172
188
192
235
220
253
265
303
319
416
412
370
457
257
9
-8
9
5
-2
2
-8
2
2
10
12
-10
-1
-3
-8
33
-62
35
0
-190
135
234
242
232
240
293
273
320
415
500
475
437
470
511
562
564
583
513
472
243
41
57
30
-2
29
-4
-20
-16
-15
1
-36
0
24
2
11
-1
12
39
60
-151
227
499
404
322
290
292
291
323
386
491
500
587
641
776
753
613
729
630
550
394
225
-20
32
13
16
2
6
10
5
21
-47
-7
-10
53
-43
30
52
8
0
-373
181
330
186
227
318
360
553
747
908
938
858
864
823
833
822
841
1001
870
851
642
133
-3
-10
28
-10
11
-27
15
7
-80
10
-9
10
25
-29
-18
63
-18
88
-674
155
314
283
395
657
938
962
937
911
828
744
728
670
623
654
634
676
715
839
613
81
-7
-41
2
85
0
-11
-8
18
-27
-12
11
7
7
24
-10
8
45
16
-660
196
462
431
698
953
963
916
899
921
973
958
953
908
829
793
666
538
539
611
541
161
-1
-12
-19
7
-14
3
-3
4
-8
5
8
1
-8
-25
-25
2
-27
26
-560
224
614
622
755
970
900
922
974
1011
1016
1020
1010
997
943
888
887
634
515
554
495
218
-24
14
-7
25
-8
12
6
-1
2
-2
-1
19
4
0
-11
-41
-18
22
-499
238
677
586
657
803
895
911
980
1005
1012
1024
1015
989
965
936
860
671
521
554
480
247
-3
-11
-41
17
-16
16
5
-1
3
0
3
-4
1
22
45
-44
-29
29
-478
246
764
667
604
613
700
704
837
923
947
962
972
947
949
895
745
576
545
549
476
264
7
-13
0
-47
5
-30
-2
1
-3
13
2
9
11
-5
12
-11
-4
16
-477
256
781
698
725
759
724
630
684
719
716
755
801
820
840
838
594
495
489
487
484
283
17
7
20
18
-5
-9
10
-9
0
2
-53
-55
-5
-26
-28
3
-6
-36
-506
251
831
773
788
870
917
855
853
860
896
763
692
644
541
485
408
440
452
397
323
273
16
5
47
-1
19
-27
-32
13
8
-43
11
6
11
-26
0
17
22
22
-271
131
177
268
320
396
568
569
608
581
668
671
565
430
402
351
367
391
384
331
154
33
-31
2
-28
23
1
18
-16
-40
-27
22
-32
4
4
3
-3
23
-5
-50
-69
135
230
232
251
311
385
437
466
452
437
359
305
253
251
267
231
207
138
120
119
40
-2
16
3
2
-2
5
26
7
25
18
-5
5
-7
11
-10
6
-2
6
-4
141
223
208
224
292
292
262
229
239
192
175
160
164
150
128
129
122
117
115
117
53
2
-8
-4
3
-9
18
18
24
-11
2
-2
2
-1
-4
-3
-2
-3
0
-3
5
12
8
21
16
22
25
29
30
42
36
52
60
83
87
152
274
160
236
168
10
0
7
2
3
-1
-1
0
6
3
5
-4
2
-3
-6
46
-34
30
40
-210
-7
-23
-6
-27
-14
-26
5
36
41
109
97
88
66
6
23
-18
34
-19
54
72
-13
-26
-21
2
-29
17
-16
11
-40
20
8
2
-21
16
-18
12
-49
34
-69
-119
20
112
96
12
28
-1
-17
9
-26
-20
-12
-63
-24
-51
-65
-5
9
9
9
38
40
-40
19
-8
13
-7
6
-29
-40
8
4
-23
-8
33
50
-16
49
-31
-20
-56
15
-13
-73
-33
-18
-44
-97
-132
-144
-60
142
100
105
66
27
59
162
-71
8
-16
30
26
-25
-7
15
-14
-26
-32
-11
25
38
11
49
-25
30
2
117
-29
0
22
-8
-22
-4
-43
-1
-69
147
87
13
61
4
7
-12
-29
1
11
58
54
1
44
-16
-17
20
18
29
-35
27
-6
-7
-15
3
28
13
-10
10
-5
-13
-20
7
-56
6
-33
-35
-35
59
18
21
-11
-11
-43
-106
-112
-108
-97
-64
-46
-25
-41
-31
-22
11
-10
52
-62
-22
24
-6
8
-13
-31
-13
8
-2
11
44
14
-10
-19
-21
22
6
24
4
42
4
-11
0
1
32
2
3
3
15
23
8
4
-1
-3
-29
-22
11
23
77
11
5
16
-8
10
-2
1
-7
6
-5
13
31
54
19
10
-2
30
2
12
-46
-16
22
-13
-6
6
6
4
4
4
7
16
-6
23
7
-11
-3
6
5
9
16
-57
-10
-1
10
5
1
0
1
8
0
-6
-30
14
-1
6
-7
-9
-18
20
-31
-40
-17
52
27
19
13
-6
4
13
6
-3
8
-8
32
-4
-7
-6
-37
-13
15
-37
-48
-8
27
27
-6
-6
2
7
8
-3
-65
-44
-14
-13
-2
7
-12
1
-45
-9
-54
-70
-29
-75
-103
-121
-68
20
16
8
5
34
-11
-3
-11
1
-23
15
-4
-3
12
28
10
7
-6
-4
38
42
30
-13
-55
-26
3
0
-20
-7
-2
41
33
23
58
96
47
8
21
14
-10
69
-12
63
-7
-40
16
-5
29
38
-3
-4
-7
14
6
66
32
22
8
-57
19
9
-9
-5
-75
5
-7
-15
-2
-51
-16
-123
-4
64
-52
103
132
118
134
62
-27
35
-65
23
-10
-26
13
-1
9
42
-34
41
45
-5
-56
-3
-25
-11
8
-88
5
1
-21
0
0
-3
-23
-18
59
-35
1
2
-37
-26
-42
-10
-34
-33
16
-65
-43
-13
-28
18
25
36
66
-54
-65
-5
2
20
21
10
2
2
6
-4
37
-20
-38
-16
-9
4
-27
6
64
-2
43
23
7
21
22
10
27
1
48
-2
3
38
0
-21
22
22
-17
-9
-26
-1
-6
1
12
11
7
15
-1
12
12
-36
0
-43
20
-7
5
8
-12
-7
9
-2
3
0
-33
-137
-117
-142
-228
-236
-180
-153
-165
-90
-81
-68
-59
-40
-24
-22
-18
-3
-3
-3
-67
0
13
10
-5
16
-20
-36
-33
0
3
0
-2
4
1
1
5
3
0
4
