163
163
163
164
163
162
160
158
162
162
164
164
160
163
161
157
156
161
159
156
155
154
156
160
159
156
153
153
152
154
154
154
156
154
151
153
156
154
156
155
153
153
155
153
158
159
159
164
157
162
164
163
162
163
167
168
169
171
169
168
168
168
168
165
169
168
165
165
161
161
155
148
150
157
148
140
132
125
124
116
109
105
105
103
103
100
100
107
110
105
106
108
107
111
111
112
113
112
112
116
116
114
113
113
112
111
112
115
115
115
115
114
114
114
113
115
116
114
112
114
116
116
115
116
114
111
110
111
111
113
114
114
117
121
118
118
120
122
125
124
120
120
127
125
124
126
127
124
126
126
127
129
132
133
128
126
128
131
134
133
134
133
133
137
134
132
133
136
135
132
135
138
137
136
137
136
134
134
131
132
135
135
129
133
130
132
134
132
132
133
131
131
136
132
131
135
137
135
139
138
134
133
137
133
136
136
135
136
137
138
137
135
138
134
138
139
137
136
137
136
138
138
136
138
137
135
134
136
134
134
136
137
138
138
139
138
136
135
136
135
136
138
139
135
136
137
138
140
136
139
139
137
136
139
138
138
