128 128 4 314
%%
-14.4877019691
0.90264030354
-1.66279278381
-12.4267774117
6.30024600735
-2.36254915157
2.67370448316
4.737381303
3.62974365414
14.1220568274
4.81596327751
-5.56826668091
-12.4279162703
5.27172818237
-10.0924553315
8.97017222163
1.00760049896
-12.0418740602
-13.8320049119
-3.91038203982
-6.34547027748
-5.85637698445
-11.7861830548
8.51427200125
6.21430362651
9.85695976608
-10.726497415
7.35942064062
-9.98220731706
3.92553346222
-14.6179217904
-8.33393011876
7.21637873698
-13.2937997866
14.231734601
-3.69002524974
-9.20058331557
-12.7236878281
-8.52146675624
-11.8948963531
0.869099568465
-9.90960165323
-2.34745185861
12.0261003103
3.5101838457
9.3143656282
-12.9127459169
13.8184032954
-2.24675117218
-6.03434783854
-11.7466118875
6.8622623016
-2.08634035699
-4.86360924795
5.65628116022
11.6077667983
-4.85491043839
-14.2905957731
13.6982095559
7.47535605745
4.63851357609
7.3751432648
13.6407530491
-2.40093521038
14.7599480016
6.61336732414
-9.67059362096
11.2984834005
10.9039221458
-0.0658054551456
-1.29500211662
-4.51859485997
-5.93484738312
13.7910807722
-4.76169075956
5.03703843305
7.677555208
11.501768512
1.16394198196
-8.48223971727
3.61387151392
14.6932002427
-6.67396778628
-7.57192259377
14.4784204432
4.02538675133
-13.719611226
-8.98727230081
7.14799683744
-3.12824727353
-13.7695379608
-11.3919934827
7.37018335967
3.32993716366
11.899761269
-6.14878656645
3.08710584637
-14.12019518
-8.81731309735
-2.20306679784
-5.49749320205
10.7711894673
-1.91875875069
7.34407705685
12.763951363
-5.64508070279
14.4594664367
-5.68907734058
-3.1480536572
-10.1466605342
-5.52412649837
-0.824195260642
-10.1913809204
12.9313012394
-4.00371747182
-1.63624298159
-9.80628749755
9.65197504327
-2.17055667628
3.24850496241
12.5650357694
14.4387022086
4.11268503572
-7.36233382141
7.11232648063
-2.35963775429
14.4133232538
11.2168669565
6.57640885606
7.53605550261
9.34785303052
-2.29520682844
5.59470112895
14.370272899
8.95917005305
-14.46801899
-9.08035691412
-4.58432686711
-2.09078695775
12.3672391949
13.1279796639
-8.39399506367
5.06373738566
8.62604027267
8.42035486114
-10.8100359886
12.6280613938
-12.6201394582
-12.5612215783
8.86123918752
-7.07011470078
1.33879592408
-2.34567202796
4.05496373326
12.5983445043
9.60598337613
-13.163626998
4.88010538315
3.00238225076
-3.4151452573
8.93934757541
-10.6337835349
4.37792224819
-5.21493845743
5.11722983079
3.35844040688
9.96957357968
-10.7122420913
-10.8051170066
7.56569121186
5.30982133823
4.41473065167
4.70472013954
-12.0311218896
-2.09209903529
-13.0742002565
-3.91019881571
11.5544851329
-1.21507997429
-10.2143565062
1.91285705403
14.1958672533
7.08612573092
-3.81810114452
-14.0576421263
9.50681605636
7.15261843938
-1.07367268818
12.3169039518
8.69079458547
-11.8674960575
11.401976343
13.3317158523
-14.2887065479
10.7519236044
10.4804706492
-4.93368053132
-3.24890666449
-11.1714321681
-6.76348652184
6.75135150679
6.8087561027
9.48673971241
11.7503031349
-0.609414126524
6.48121027485
-13.3639728023
-11.5116383093
3.2908549035
-8.1757349738
14.5514822077
0.709455615185
-7.17909933864
13.3580305264
-8.97213757639
14.4402206401
14.4949031584
7.37905668575
6.95639500207
2.64201911379
10.4986347433
-13.4559667676
-13.1493052555
-11.5371302104
-11.5190868375
-1.94435940294
-11.9655550481
5.09922117666
12.5206568986
14.9741499021
-8.83467036818
8.16821440783
8.53982921605
6.91058404159
10.2922942574
-13.6860005276
-0.676386725894
6.80311188729
12.4053742249
6.43903684428
6.12044357606
-6.58403481289
8.95849330203
14.6976208283
2.61724476998
-7.32274029745
8.70013681069
-11.5260139011
-8.83389384962
-3.38901244693
-11.3784648562
-8.46899220952
-14.7857640004
5.52778988199
13.9156200387
-2.65104840864
1.20461044452
-8.63382963735
-9.56456816835
2.21492484791
11.2834989195
7.97059984802
11.5990391819
-8.27723415121
12.1725134104
-13.1872681095
14.9741055625
5.83848279384
-1.79255682339
6.51333260772
8.99946325553
11.1409489912
0.17064992103
3.74725084204
-2.94139037091
-14.0094802532
7.62076935091
13.7097154232
-12.3709874144
8.83282861554
7.45478339025
-6.1996293546
7.62544428351
-13.3440202309
11.0933811949
-3.09704133171
2.16067099028
11.9457014305
-10.2210911608
-8.9448696917
5.82549939533
2.02449284442
-7.00194662603
10.999654435
-8.21902266917
-4.75971248593
13.7635546571
0.557184277266
13.3712304007
-8.87266039689
-10.3570727572
-10.2984477243
12.0553498803
-14.2658056217
-9.24700121013
1.09394105409
-8.00373995958
-10.5865934954
12.8271350826
11.015403395
-11.9797556568
-4.55684230245
8.86574483289
1.73313056591
%%
0
1
1
0
2
3
0
2
3
4
2
4
5
1
3
4
5
0
1
0
4
5
1
3
4
8
5
8
6
0
0
2
3
10
0
1
5
11
4
6
7
12
3
8
5
10
13
14
9
17
9
10
17
2
21
7
0
8
14
22
0
5
6
21
15
19
22
2
7
8
21
9
10
13
21
1
13
26
28
12
7
9
23
0
2
7
16
17
5
11
5
10
18
8
18
30
2
20
5
10
13
34
37
14
34
41
22
24
31
34
41
2
3
20
27
2
18
42
1
34
39
40
0
4
25
29
42
45
47
4
38
4
7
34
48
39
34
41
17
18
45
1
21
47
4
44
44
7
37
52
2
32
40
59
56
42
27
62
0
33
53
17
45
1
10
58
63
14
39
54
21
66
8
34
14
65
12
18
31
42
4
42
16
8
71
57
33
44
11
38
54
2
22
48
72
13
18
80
38
52
22
34
51
76
10
62
70
10
22
35
85
11
31
77
80
22
87
41
62
28
47
69
8
14
40
75
21
45
37
58
73
4
36
64
76
50
69
81
83
18
29
69
84
14
39
34
22
53
55
78
52
23
28
34
10
53
5
103
0
94
41
61
73
89
98
12
10
11
108
62
63
65
0
41
73
74
77
84
46
62
79
81
84
4
30
83
115
11
28
74
115
57
61
12
67
103
105
7
90
95
119
69
99
20
50
93
99
45
116
74
19
48
57
115
%%
0
1
2
3
6
10
13
17
19
22
26
28
29
30
34
38
42
44
48
50
51
53
55
56
60
64
67
70
71
75
79
80
83
87
88
90
93
94
96
97
98
101
103
106
108
109
111
115
118
122
126
129
131
135
136
138
141
144
146
147
150
154
155
156
158
160
161
162
163
167
169
170
172
174
176
180
182
183
185
186
188
191
195
198
200
204
207
211
215
217
219
222
226
228
231
235
239
243
245
246
250
251
254
256
258
259
260
264
265
266
267
269
272
274
275
278
280
283
287
291
292
293
297
301
303
307
309
310
314
%%
-2.44876555967
-12.4245409467
-8.13700589775
-5.4140170005
-10.1752429425
-6.05258315886
11.2343318478
-9.16532836491
-4.38834438454
5.12259821401
-6.24421099959
11.1219210821
-7.71417322741
-12.2625428068
3.00602183552
13.8846730632
-13.4851373472
13.9164003819
-12.6343219972
-12.8450682258
-12.2053699503
-3.52650369853
-11.6934019304
-8.06282304546
3.14516135107
-11.5064904283
-4.03387151701
-11.1351669064
-7.58889221955
-1.1486526243
6.01659587916
7.57999694481
-11.8069400679
6.30455542081
12.2671562032
-7.89990681829
2.75142313215
6.60793872893
1.05781910687
-6.9720215717
-9.17980612748
11.0921086772
5.26384114088
6.4294774984
3.70771358552
-3.17080164051
7.52271080194
-5.76302714935
11.0145785315
-3.23012284627
-0.779544907098
2.76677184324
9.09787932602
2.95036570774
9.34676105267
-14.9277012131
10.8002857765
-9.47683967185
11.1391987129
-11.1774189772
-0.503456280852
-4.73427383842
-5.63323194345
5.06382723955
7.55052718764
4.16329205271
8.12453256137
-7.32384554285
-4.469776207
-8.70120569483
-3.20990432419
4.34880973877
13.6102950539
-3.45215427172
-11.0298721977
6.14207887983
-2.71259282346
5.68477333049
12.5341927302
-3.46218942744
-2.67631159156
0.570240336234
13.9531373866
6.27164393552
9.14078542963
12.490920381
-10.1776258565
14.923646455
-1.29401737308
-12.564412675
1.95390902943
-10.545825443
2.78334675533
-5.9205306257
-11.5788033422
2.11176132432
-0.72603927237
10.6389867772
-0.105030335063
9.3658855969
-2.53069807067
-0.982374086224
-14.8824627248
-9.27515730268
-1.0949154136
-0.0150056256509
-12.6978096932
-8.1752337337
5.70534666293
-10.6933458115
-12.7918612912
1.50260697913
-13.6653127317
6.38654948549
-11.5821097196
13.5143297195
6.22508741673
-14.4969930857
8.26226357659
-11.4978276351
3.64498452547
12.7065343133
12.9813204508
-4.39686852776
-0.930166926064
0.950432120035
14.3684177841
11.3733184357
